# unix_time, cycles_done, cur_path, paths_total, pending_total, pending_favs, map_size, unique_crashes, unique_hangs, max_depth, execs_per_sec
1698158305, 0, 0, 1, 1, 1, 2.53%, 0, 0, 1, 140.35
1698158310, 0, 0, 28, 28, 1, 2.73%, 6, 1, 2, 205.00
1698158316, 0, 0, 63, 63, 1, 2.97%, 11, 4, 2, 14.41
1698158321, 0, 0, 89, 89, 1, 3.01%, 18, 6, 2, 167.78
1698158327, 0, 0, 100, 100, 1, 3.04%, 18, 8, 2, 12.89
1698158332, 0, 0, 116, 116, 1, 3.09%, 25, 9, 2, 162.77
1698158337, 0, 0, 125, 125, 1, 3.12%, 27, 11, 2, 111.30
1698158342, 0, 0, 130, 130, 1, 3.12%, 27, 13, 2, 132.59
1698158347, 0, 0, 135, 135, 1, 3.14%, 28, 15, 2, 176.58
1698158352, 0, 0, 141, 141, 1, 3.15%, 30, 15, 2, 173.07
1698158357, 0, 0, 148, 148, 1, 3.25%, 31, 15, 2, 173.52
1698158362, 0, 0, 150, 150, 1, 3.25%, 32, 16, 2, 152.65
1698158368, 0, 0, 153, 153, 1, 3.38%, 32, 16, 2, 160.33
1698158373, 0, 0, 156, 156, 1, 3.38%, 33, 16, 2, 161.42
1698158378, 0, 0, 160, 160, 1, 3.38%, 34, 16, 2, 169.04
1698158383, 0, 0, 163, 163, 1, 3.39%, 35, 16, 2, 173.41
1698158388, 0, 9, 164, 162, 59, 3.42%, 35, 16, 2, 181.45
1698158393, 0, 23, 166, 163, 58, 3.47%, 36, 16, 3, 159.22
1698158398, 0, 23, 168, 165, 58, 3.47%, 36, 16, 3, 164.71
1698158403, 0, 23, 169, 166, 58, 3.47%, 36, 18, 3, 174.34
1698158408, 0, 23, 171, 168, 58, 3.47%, 37, 18, 3, 177.82
1698158413, 0, 23, 172, 169, 58, 3.47%, 38, 18, 3, 164.67
1698158418, 0, 23, 174, 171, 58, 3.47%, 38, 18, 3, 162.91
1698158424, 0, 23, 177, 174, 58, 3.54%, 38, 18, 3, 166.49
1698158429, 0, 23, 180, 177, 58, 3.56%, 38, 18, 3, 168.22
1698158434, 0, 23, 180, 177, 58, 3.56%, 39, 18, 3, 171.98
1698158439, 0, 38, 181, 177, 60, 3.59%, 40, 18, 3, 178.40
1698158444, 0, 38, 185, 181, 60, 3.61%, 41, 18, 3, 170.50
1698158449, 0, 38, 187, 183, 60, 3.62%, 42, 18, 3, 171.52
1698158454, 0, 38, 188, 184, 60, 3.62%, 42, 19, 3, 155.93
1698158459, 0, 38, 189, 185, 60, 3.62%, 42, 20, 3, 169.47
1698158464, 0, 38, 192, 188, 60, 3.66%, 42, 20, 3, 179.67
1698158469, 0, 38, 193, 189, 60, 3.66%, 42, 20, 3, 171.98
1698158479, 0, 38, 194, 190, 60, 3.66%, 42, 21, 3, 161.96
1698158484, 0, 38, 195, 191, 60, 3.69%, 42, 21, 3, 172.87
1698158495, 0, 43, 195, 190, 64, 3.69%, 42, 21, 3, 196.07
1698158500, 0, 44, 196, 190, 63, 3.69%, 42, 21, 3, 174.84
1698158505, 0, 47, 196, 189, 62, 3.69%, 42, 21, 3, 167.45
1698158510, 0, 58, 196, 188, 61, 3.69%, 42, 21, 3, 170.06
1698158515, 0, 58, 200, 192, 61, 3.70%, 43, 22, 3, 165.65
1698158520, 0, 58, 202, 194, 61, 3.70%, 44, 22, 3, 167.24
1698158525, 0, 58, 205, 197, 61, 3.70%, 44, 22, 3, 161.82
1698158530, 0, 58, 208, 200, 61, 3.70%, 45, 22, 3, 162.34
1698158535, 0, 58, 209, 201, 61, 3.70%, 46, 23, 3, 198.18
1698158540, 0, 58, 211, 203, 61, 3.77%, 46, 23, 3, 177.10
1698158545, 0, 58, 212, 204, 61, 3.77%, 46, 23, 3, 163.37
1698158550, 0, 58, 214, 206, 61, 3.78%, 46, 23, 3, 169.56
1698158556, 0, 58, 214, 206, 61, 3.78%, 47, 23, 3, 177.73
1698158561, 0, 58, 215, 207, 61, 3.81%, 48, 24, 3, 15.45
1698158566, 0, 59, 219, 210, 69, 3.82%, 48, 24, 3, 191.74
1698158571, 0, 66, 219, 208, 68, 3.82%, 49, 24, 3, 194.17
1698158576, 0, 70, 219, 207, 67, 3.82%, 49, 24, 3, 160.72
1698158581, 0, 74, 219, 205, 65, 3.82%, 49, 24, 3, 214.41
1698158586, 0, 77, 219, 204, 64, 3.82%, 49, 24, 3, 189.14
1698158591, 0, 79, 220, 203, 63, 3.86%, 49, 24, 3, 190.52
1698158597, 0, 96, 221, 202, 62, 3.86%, 49, 24, 3, 207.99
1698158602, 0, 96, 223, 204, 62, 3.86%, 49, 24, 3, 215.35
1698158607, 0, 96, 224, 205, 62, 3.86%, 49, 24, 3, 205.69
1698158612, 0, 99, 225, 204, 61, 3.87%, 49, 24, 3, 216.02
1698158617, 0, 104, 226, 204, 61, 3.87%, 49, 24, 3, 220.70
1698158622, 0, 105, 226, 203, 60, 3.87%, 49, 24, 3, 204.45
1698158627, 0, 106, 226, 202, 59, 3.87%, 49, 24, 3, 178.70
1698158632, 0, 108, 228, 202, 59, 3.88%, 50, 24, 3, 192.14
1698158637, 0, 108, 230, 204, 59, 3.88%, 50, 24, 3, 199.42
1698158643, 0, 108, 232, 206, 59, 3.88%, 50, 24, 3, 185.11
1698158648, 0, 108, 233, 207, 59, 3.89%, 50, 25, 3, 18.46
1698158653, 0, 108, 234, 208, 59, 3.89%, 50, 25, 3, 190.41
1698158658, 0, 108, 235, 209, 59, 3.91%, 50, 25, 3, 186.78
1698158663, 0, 108, 236, 210, 59, 3.91%, 50, 25, 3, 197.43
1698158668, 0, 108, 237, 211, 59, 3.91%, 50, 25, 3, 190.11
1698158673, 0, 108, 238, 212, 59, 3.91%, 50, 25, 3, 188.23
1698158678, 0, 108, 238, 212, 59, 3.91%, 51, 25, 3, 198.97
1698158704, 0, 109, 238, 211, 59, 3.91%, 51, 25, 3, 0.13
1698158714, 0, 112, 238, 209, 58, 3.91%, 51, 25, 3, 205.85
1698158719, 0, 114, 239, 208, 57, 3.91%, 53, 26, 3, 180.87
1698158724, 0, 114, 240, 209, 57, 3.91%, 53, 26, 3, 164.91
1698158729, 0, 117, 240, 208, 56, 3.91%, 53, 27, 3, 147.92
1698158734, 0, 117, 241, 209, 56, 3.94%, 53, 27, 3, 165.45
1698158739, 0, 118, 241, 208, 56, 3.94%, 54, 27, 3, 154.16
1698158744, 0, 120, 243, 209, 56, 3.94%, 54, 27, 3, 180.35
1698158749, 0, 122, 243, 208, 55, 3.94%, 54, 27, 3, 193.42
1698158754, 0, 132, 243, 207, 54, 3.94%, 54, 27, 3, 182.19
1698158759, 0, 133, 243, 206, 53, 3.94%, 55, 27, 3, 181.95
1698158764, 0, 133, 245, 208, 53, 3.95%, 55, 27, 3, 173.93
1698158769, 0, 133, 246, 209, 53, 3.95%, 55, 27, 3, 169.18
1698158774, 0, 133, 248, 211, 53, 3.95%, 55, 27, 3, 171.60
1698158780, 0, 133, 248, 211, 53, 3.95%, 55, 28, 3, 22.78
1698158806, 0, 133, 249, 212, 53, 3.96%, 55, 28, 3, 171.75
1698158811, 0, 134, 249, 211, 53, 3.96%, 55, 28, 3, 170.73
1698158816, 0, 134, 250, 212, 53, 3.97%, 55, 28, 3, 179.54
1698158821, 0, 134, 252, 214, 53, 4.02%, 55, 28, 3, 177.50
1698158831, 0, 134, 252, 214, 53, 4.02%, 55, 29, 3, 205.21
1698158842, 0, 134, 253, 215, 53, 4.05%, 55, 29, 3, 179.17
1698158852, 0, 134, 255, 217, 53, 4.05%, 55, 29, 3, 163.34
1698158857, 0, 134, 256, 218, 53, 4.05%, 55, 29, 3, 168.58
1698158867, 0, 135, 256, 217, 57, 4.05%, 55, 29, 3, 175.02
1698158872, 0, 135, 257, 218, 57, 4.09%, 56, 30, 3, 193.63
1698158877, 0, 143, 257, 216, 55, 4.09%, 56, 30, 3, 220.54
1698158882, 0, 143, 262, 221, 55, 4.17%, 56, 30, 3, 197.15
1698158887, 0, 143, 264, 223, 55, 4.17%, 56, 31, 3, 189.93
1698158897, 0, 143, 265, 224, 55, 4.18%, 57, 31, 3, 205.29
1698158902, 0, 143, 266, 225, 55, 4.18%, 57, 31, 3, 195.32
1698158908, 0, 143, 268, 227, 55, 4.18%, 57, 31, 3, 187.67
1698158913, 0, 143, 269, 228, 55, 4.19%, 57, 31, 3, 192.76
1698158923, 0, 146, 269, 227, 61, 4.19%, 57, 31, 3, 203.17
1698158928, 0, 147, 269, 226, 60, 4.19%, 57, 31, 3, 182.91
1698158933, 0, 148, 270, 226, 59, 4.19%, 57, 31, 3, 214.02
1698158938, 0, 152, 272, 226, 57, 4.19%, 57, 31, 3, 202.74
1698158943, 0, 152, 274, 228, 57, 4.20%, 57, 31, 3, 214.24
1698158954, 0, 152, 276, 230, 57, 4.24%, 57, 31, 3, 204.29
1698158969, 0, 152, 277, 231, 57, 4.24%, 57, 31, 3, 211.38
1698158974, 0, 152, 278, 232, 57, 4.24%, 57, 31, 3, 207.42
1698158979, 0, 152, 280, 234, 57, 4.34%, 60, 32, 3, 10.49
1698158984, 0, 154, 280, 232, 60, 4.34%, 60, 32, 3, 206.47
1698158989, 0, 154, 283, 235, 60, 4.34%, 60, 32, 3, 188.48
1698158999, 0, 156, 283, 234, 60, 4.34%, 60, 32, 3, 180.67
1698159004, 0, 158, 283, 233, 60, 4.34%, 60, 32, 3, 183.57
1698159010, 0, 162, 284, 232, 60, 4.34%, 60, 32, 3, 169.68
1698159015, 0, 162, 284, 232, 60, 4.34%, 61, 33, 3, 169.63
1698159020, 0, 163, 285, 232, 59, 4.39%, 61, 33, 3, 183.17
1698159026, 0, 165, 285, 230, 58, 4.39%, 61, 34, 3, 33.01
1698159031, 0, 169, 286, 230, 57, 4.39%, 61, 34, 4, 178.06
1698159036, 0, 176, 286, 228, 57, 4.39%, 61, 34, 4, 188.03
1698159041, 0, 176, 288, 230, 57, 4.41%, 61, 35, 4, 196.76
1698159046, 0, 179, 288, 229, 56, 4.41%, 61, 35, 4, 185.69
1698159051, 0, 179, 288, 229, 56, 4.41%, 61, 37, 4, 235.14
1698159056, 0, 184, 288, 227, 54, 4.41%, 61, 38, 4, 196.18
1698159061, 0, 184, 288, 227, 54, 4.41%, 62, 39, 4, 175.89
1698159067, 0, 186, 288, 226, 53, 4.41%, 62, 40, 4, 166.82
1698159072, 0, 190, 288, 224, 51, 4.41%, 65, 40, 4, 197.48
1698159082, 0, 194, 289, 224, 50, 4.41%, 65, 40, 4, 189.84
1698159087, 0, 202, 290, 221, 46, 4.41%, 65, 40, 4, 230.37
1698159092, 0, 212, 290, 220, 45, 4.41%, 65, 40, 4, 224.97
1698159097, 0, 216, 290, 218, 43, 4.41%, 66, 40, 4, 191.97
1698159102, 0, 216, 291, 219, 43, 4.41%, 66, 41, 4, 169.98
1698159107, 0, 219, 291, 218, 42, 4.41%, 67, 41, 4, 167.94
1698159112, 0, 220, 292, 218, 41, 4.42%, 67, 41, 4, 155.47
1698159117, 0, 224, 292, 217, 40, 4.42%, 67, 41, 4, 154.83
1698159127, 0, 227, 294, 217, 38, 4.42%, 67, 41, 4, 193.48
1698159133, 0, 231, 294, 216, 37, 4.42%, 67, 41, 4, 236.81
1698159138, 0, 233, 294, 215, 36, 4.42%, 67, 41, 4, 209.12
1698159143, 0, 236, 294, 213, 34, 4.42%, 67, 41, 4, 231.00
1698159148, 0, 238, 295, 212, 32, 4.42%, 67, 42, 4, 210.63
1698159153, 0, 238, 297, 214, 32, 4.46%, 67, 42, 4, 188.34
1698159158, 0, 241, 297, 213, 33, 4.46%, 69, 42, 4, 192.42
1698159163, 0, 243, 299, 214, 32, 4.46%, 70, 42, 4, 178.08
1698159168, 0, 246, 300, 214, 33, 4.46%, 70, 42, 4, 200.52
1698159173, 0, 248, 300, 213, 32, 4.46%, 70, 43, 4, 183.61
1698159178, 0, 249, 306, 218, 32, 4.46%, 70, 43, 4, 223.25
1698159184, 0, 249, 310, 222, 32, 4.48%, 70, 43, 4, 241.97
1698159189, 0, 249, 312, 224, 32, 4.48%, 70, 43, 4, 243.19
1698159199, 0, 249, 312, 224, 32, 4.48%, 70, 44, 4, 242.24
1698159214, 0, 250, 315, 226, 33, 4.48%, 70, 44, 4, 211.59
1698159219, 0, 250, 318, 229, 33, 4.48%, 71, 46, 4, 198.09
1698159230, 0, 250, 319, 230, 33, 4.48%, 71, 46, 4, 177.08
1698159235, 0, 250, 320, 231, 33, 4.48%, 71, 46, 4, 181.88
1698159240, 0, 250, 321, 232, 33, 4.52%, 71, 46, 4, 172.19
