# unix_time, cycles_done, cur_path, paths_total, pending_total, pending_favs, map_size, unique_crashes, unique_hangs, max_depth, execs_per_sec
1697807990, 0, 0, 1, 1, 1, 2.11%, 0, 0, 1, 571.43
1697807995, 0, 0, 150, 150, 1, 2.74%, 35, 1, 2, 961.06
1697808000, 0, 0, 192, 192, 1, 3.12%, 48, 2, 2, 898.64
1697808005, 0, 8, 282, 281, 118, 3.80%, 50, 2, 3, 932.16
1697808010, 0, 37, 294, 287, 116, 3.84%, 51, 2, 3, 993.41
1697808015, 0, 41, 297, 287, 113, 3.84%, 56, 3, 3, 1065.97
1697808021, 0, 41, 310, 300, 113, 3.85%, 62, 3, 3, 1057.34
1697808026, 0, 54, 319, 305, 113, 3.86%, 63, 3, 3, 1021.83
1697808031, 0, 65, 324, 305, 108, 3.86%, 67, 3, 3, 1045.34
1697808036, 0, 65, 331, 312, 108, 3.88%, 69, 4, 3, 1014.33
1697808041, 0, 68, 335, 315, 115, 3.89%, 69, 4, 3, 865.52
