# unix_time, cycles_done, cur_path, paths_total, pending_total, pending_favs, map_size, unique_crashes, unique_hangs, max_depth, execs_per_sec
1697417956, 0, 0, 1, 1, 1, 2.13%, 0, 0, 1, 533.33
1697417961, 0, 0, 163, 163, 1, 2.78%, 27, 1, 2, 1064.91
1697417966, 0, 0, 212, 212, 1, 2.92%, 40, 2, 2, 1110.04
1697417971, 0, 10, 236, 233, 89, 3.03%, 46, 2, 3, 1140.68
1697417976, 0, 21, 250, 242, 88, 3.08%, 50, 2, 3, 1153.78
1697417981, 0, 43, 257, 246, 84, 3.09%, 50, 2, 3, 1143.44
1697417986, 0, 43, 266, 255, 84, 3.14%, 51, 2, 3, 1143.57
1697417992, 0, 45, 272, 259, 96, 3.14%, 51, 2, 3, 1174.47
1697417997, 0, 57, 277, 262, 94, 3.15%, 52, 4, 3, 1093.27
1697418002, 0, 57, 291, 276, 94, 3.32%, 59, 4, 3, 1072.97
1697418007, 0, 73, 302, 285, 97, 3.33%, 62, 4, 3, 1060.72
1697418012, 0, 73, 307, 290, 97, 3.33%, 65, 5, 3, 1095.93
1697418017, 0, 92, 312, 291, 100, 3.34%, 67, 5, 3, 1122.43
1697418022, 0, 98, 321, 298, 98, 3.35%, 67, 5, 3, 1144.72
1697418027, 0, 100, 326, 302, 105, 3.41%, 68, 5, 3, 1003.96
1697418032, 0, 111, 330, 302, 104, 3.45%, 68, 5, 3, 1090.09
1697418037, 0, 119, 334, 303, 103, 3.45%, 68, 5, 3, 1039.70
1697418042, 0, 136, 340, 303, 101, 3.47%, 70, 5, 3, 1100.28
1697418047, 0, 136, 347, 310, 101, 3.47%, 71, 5, 3, 1092.17
1697418052, 0, 145, 352, 313, 100, 3.50%, 72, 5, 3, 1101.87
1697418057, 0, 145, 359, 320, 100, 3.50%, 74, 5, 3, 1088.45
1697418062, 0, 151, 365, 323, 100, 3.51%, 75, 5, 3, 1100.86
1697418068, 0, 157, 368, 322, 97, 3.51%, 75, 5, 3, 1127.74
1697418073, 0, 164, 376, 326, 97, 3.52%, 78, 5, 3, 1145.94
1697418079, 0, 175, 379, 326, 94, 3.55%, 80, 6, 3, 133.51
1697418084, 0, 189, 379, 322, 92, 3.55%, 82, 6, 3, 1141.44
1697418089, 0, 198, 383, 323, 90, 3.56%, 82, 6, 3, 1110.98
1697418094, 0, 216, 389, 323, 90, 3.57%, 83, 6, 3, 1146.67
1697418099, 0, 223, 397, 326, 86, 3.59%, 86, 6, 3, 1126.34
1697418105, 0, 247, 405, 329, 81, 3.62%, 89, 6, 4, 1144.69
1697418110, 0, 255, 408, 329, 82, 3.64%, 90, 6, 4, 1149.57
1697418115, 0, 255, 417, 338, 82, 3.65%, 90, 7, 4, 1148.72
1697418120, 0, 258, 419, 338, 83, 3.65%, 90, 7, 4, 1150.07
1697418125, 0, 268, 423, 335, 79, 3.66%, 90, 7, 4, 1178.02
1697418130, 0, 272, 427, 335, 75, 3.68%, 90, 7, 4, 1129.47
1697418135, 0, 292, 430, 334, 74, 3.68%, 90, 7, 4, 1144.42
1697418140, 0, 298, 440, 343, 74, 3.70%, 90, 7, 4, 1029.54
1697418145, 0, 299, 442, 344, 78, 3.71%, 90, 7, 4, 1115.78
1697418150, 0, 315, 447, 343, 73, 3.71%, 92, 7, 4, 1145.30
1697418155, 0, 320, 455, 347, 69, 3.73%, 94, 7, 4, 1156.53
1697418160, 0, 320, 456, 348, 69, 3.76%, 95, 8, 4, 23.08
1697418165, 0, 322, 463, 353, 69, 3.77%, 96, 8, 4, 1145.18
1697418170, 0, 322, 466, 356, 69, 3.77%, 96, 8, 4, 1158.68
1697418175, 0, 328, 470, 356, 69, 3.77%, 96, 9, 4, 1108.40
1697418180, 0, 339, 479, 360, 67, 3.78%, 97, 9, 4, 1103.70
1697418186, 0, 350, 483, 360, 63, 3.78%, 98, 9, 4, 1091.39
1697418191, 0, 350, 488, 365, 63, 3.79%, 99, 9, 4, 1090.92
1697418196, 0, 356, 491, 366, 69, 3.80%, 100, 10, 4, 1115.91
1697418201, 0, 370, 500, 369, 67, 3.81%, 101, 10, 4, 1134.64
1697418206, 0, 372, 505, 373, 68, 3.81%, 103, 10, 4, 1148.71
1697418212, 0, 375, 511, 378, 70, 3.83%, 103, 11, 4, 60.35
1697418217, 0, 378, 513, 377, 68, 3.83%, 103, 12, 4, 1049.27
1697418222, 0, 384, 517, 376, 66, 3.83%, 105, 12, 4, 1117.61
1697418227, 0, 395, 523, 377, 62, 3.83%, 105, 12, 4, 1095.52
1697418232, 0, 401, 526, 378, 61, 3.84%, 106, 13, 5, 1160.01
1697418238, 0, 405, 526, 375, 59, 3.84%, 108, 14, 5, 17.39
1697418243, 0, 409, 546, 392, 75, 3.87%, 108, 14, 5, 1166.39
1697418249, 0, 414, 550, 394, 74, 3.87%, 108, 16, 5, 33.30
1697418254, 0, 424, 554, 393, 71, 3.87%, 108, 16, 5, 1147.17
1697418259, 0, 431, 557, 393, 70, 3.88%, 108, 16, 5, 1139.20
1697418264, 0, 436, 559, 393, 69, 3.88%, 109, 16, 5, 1120.93
1697418269, 0, 436, 564, 398, 69, 3.89%, 110, 16, 5, 1114.58
1697418274, 0, 441, 565, 397, 69, 3.89%, 111, 16, 5, 1130.45
1697418279, 0, 454, 571, 399, 69, 3.89%, 112, 16, 5, 1156.30
1697418284, 0, 461, 574, 400, 68, 3.90%, 113, 16, 5, 1152.04
1697418289, 0, 468, 579, 402, 66, 3.90%, 113, 16, 5, 1155.75
1697418294, 0, 468, 583, 406, 66, 3.91%, 113, 17, 5, 1145.54
1697418299, 0, 469, 590, 412, 72, 3.92%, 113, 17, 5, 1138.14
1697418304, 0, 470, 592, 413, 74, 3.92%, 113, 17, 5, 1124.15
1697418310, 0, 475, 596, 415, 72, 3.92%, 114, 17, 5, 1117.62
1697418315, 0, 480, 597, 414, 70, 3.92%, 115, 17, 5, 1134.97
1697418320, 0, 485, 597, 411, 69, 3.92%, 115, 17, 5, 1108.31
1697418325, 0, 490, 599, 410, 66, 3.93%, 115, 17, 5, 1146.57
1697418330, 0, 497, 600, 406, 62, 3.93%, 115, 17, 5, 1160.48
1697418335, 0, 498, 605, 410, 61, 3.93%, 115, 17, 5, 1210.13
1697418340, 0, 506, 606, 407, 59, 3.93%, 116, 17, 5, 1204.80
1697418345, 0, 515, 609, 407, 57, 3.94%, 118, 18, 5, 1166.06
1697418350, 0, 526, 612, 405, 56, 3.98%, 119, 18, 5, 1163.68
1697418355, 0, 531, 613, 401, 52, 3.98%, 119, 18, 6, 1175.45
1697418360, 0, 539, 615, 395, 46, 3.99%, 119, 18, 6, 1173.27
1697418365, 0, 546, 623, 397, 46, 4.00%, 119, 18, 6, 1198.98
1697418370, 0, 554, 623, 394, 44, 4.00%, 120, 18, 6, 1173.77
1697418375, 0, 564, 623, 390, 40, 4.00%, 121, 18, 6, 1140.67
1697418381, 0, 567, 624, 389, 38, 4.00%, 122, 18, 6, 1162.36
1697418386, 0, 569, 629, 393, 37, 4.00%, 122, 18, 6, 1165.54
1697418391, 0, 572, 632, 395, 38, 4.00%, 122, 18, 6, 1165.32
1697418396, 0, 580, 634, 394, 38, 4.00%, 122, 18, 6, 1152.82
1697418401, 0, 580, 638, 398, 38, 4.01%, 122, 18, 6, 1153.91
1697418406, 0, 582, 639, 397, 38, 4.01%, 122, 18, 6, 1167.34
1697418411, 0, 589, 639, 392, 33, 4.01%, 122, 18, 6, 1199.65
1697418416, 0, 590, 641, 393, 33, 4.01%, 122, 19, 6, 205.00
1697418421, 0, 596, 644, 394, 34, 4.03%, 122, 19, 6, 1156.56
1697418426, 0, 608, 644, 389, 29, 4.03%, 122, 19, 6, 1192.50
1697418431, 0, 609, 658, 402, 28, 4.06%, 122, 19, 6, 1127.57
1697418437, 0, 610, 664, 407, 32, 4.08%, 122, 20, 6, 84.62
1697418442, 0, 610, 667, 410, 32, 4.08%, 122, 20, 6, 1159.92
1697418447, 0, 614, 667, 407, 31, 4.08%, 122, 20, 6, 1200.00
1697418454, 0, 617, 670, 407, 31, 4.10%, 122, 22, 7, 53.08
1697418459, 0, 619, 677, 412, 30, 4.11%, 122, 22, 7, 1063.13
1697418464, 0, 622, 679, 412, 35, 4.11%, 122, 22, 7, 1144.01
1697418469, 0, 622, 682, 415, 35, 4.11%, 122, 24, 7, 1019.71
1697418474, 0, 630, 683, 414, 34, 4.12%, 122, 24, 7, 1099.56
1697418479, 0, 634, 684, 412, 31, 4.12%, 122, 24, 7, 1155.38
1697418484, 0, 640, 685, 410, 29, 4.12%, 122, 24, 7, 1157.22
1697418489, 0, 647, 685, 405, 25, 4.12%, 122, 24, 7, 1180.97
1697418494, 0, 658, 694, 410, 21, 4.13%, 122, 24, 7, 1198.47
1697418499, 0, 665, 702, 416, 24, 4.13%, 122, 24, 7, 1189.94
1697418505, 0, 669, 704, 415, 21, 4.13%, 122, 24, 8, 1157.01
1697418510, 0, 675, 706, 411, 17, 4.14%, 122, 24, 8, 1204.85
1697418515, 0, 677, 713, 416, 15, 4.15%, 122, 24, 8, 1243.54
1697418520, 0, 683, 714, 415, 21, 4.15%, 122, 24, 8, 1207.60
1697418525, 0, 698, 714, 411, 17, 4.15%, 122, 24, 8, 1196.86
1697418530, 0, 703, 714, 407, 14, 4.15%, 122, 24, 8, 1165.82
1697418535, 0, 704, 714, 406, 13, 4.15%, 122, 24, 8, 1142.62
1697418540, 0, 709, 715, 402, 8, 4.15%, 122, 24, 9, 1185.77
1697418545, 0, 713, 715, 398, 4, 4.15%, 122, 24, 9, 1196.98
1697418550, 1, 255, 715, 394, 2, 4.15%, 122, 24, 9, 1142.87
1697418555, 1, 603, 717, 392, 2, 4.17%, 122, 24, 9, 1182.86
1697418561, 1, 716, 718, 390, 1, 4.17%, 123, 24, 9, 1186.94
1697418566, 2, 4, 718, 388, 0, 4.17%, 123, 24, 9, 1178.04
1697418571, 2, 22, 721, 386, 0, 4.17%, 123, 24, 9, 1193.51
1697418576, 2, 40, 721, 382, 0, 4.17%, 123, 24, 9, 1177.90
1697418581, 2, 401, 727, 386, 2, 4.18%, 123, 24, 9, 1169.49
1697418586, 2, 654, 731, 390, 5, 4.21%, 124, 25, 9, 1192.21
1697418591, 2, 722, 740, 399, 6, 4.22%, 124, 25, 9, 1129.25
1697418596, 2, 723, 742, 400, 10, 4.23%, 126, 25, 9, 1133.18
1697418601, 2, 728, 742, 398, 9, 4.23%, 127, 25, 9, 1162.87
1697418606, 2, 730, 747, 401, 8, 4.32%, 132, 25, 9, 1147.28
1697418611, 2, 730, 751, 405, 8, 4.33%, 136, 25, 9, 1172.95
1697418616, 2, 735, 753, 405, 11, 4.33%, 136, 25, 9, 1124.78
1697418621, 2, 735, 757, 409, 11, 4.33%, 137, 25, 9, 1133.28
1697418626, 2, 736, 758, 409, 13, 4.33%, 137, 25, 9, 1126.64
1697418632, 2, 740, 759, 409, 12, 4.33%, 139, 25, 9, 1135.94
1697418637, 2, 741, 760, 409, 13, 4.34%, 139, 25, 9, 1135.49
1697418642, 2, 744, 761, 408, 12, 4.34%, 141, 25, 9, 1192.16
1697418647, 2, 744, 769, 416, 12, 4.36%, 145, 26, 9, 151.80
1697418652, 2, 745, 774, 420, 15, 4.37%, 147, 26, 9, 1206.03
1697418657, 2, 746, 778, 423, 16, 4.37%, 148, 26, 9, 1202.72
1697418662, 2, 751, 781, 424, 16, 4.37%, 148, 26, 9, 1161.87
1697418667, 2, 751, 784, 427, 16, 4.42%, 151, 26, 9, 1133.76
1697418672, 2, 752, 787, 429, 17, 4.42%, 151, 26, 9, 1125.42
1697418677, 2, 752, 789, 431, 17, 4.43%, 152, 26, 9, 1134.43
1697418682, 2, 755, 793, 434, 18, 4.43%, 154, 26, 9, 1125.72
1697418688, 2, 755, 793, 434, 18, 4.43%, 155, 26, 9, 1024.21
1697418693, 2, 758, 793, 432, 19, 4.43%, 155, 26, 9, 1114.87
1697418698, 2, 759, 794, 432, 19, 4.43%, 155, 26, 9, 1173.49
1697418703, 2, 761, 797, 433, 17, 4.44%, 157, 26, 10, 1200.62
1697418708, 2, 763, 798, 433, 17, 4.44%, 157, 26, 10, 1199.35
1697418713, 2, 765, 799, 433, 18, 4.44%, 157, 26, 10, 1180.96
1697418719, 2, 766, 800, 433, 17, 4.44%, 158, 27, 10, 1172.78
1697418724, 2, 772, 802, 433, 15, 4.44%, 159, 27, 10, 1168.03
1697418729, 2, 772, 805, 436, 15, 4.44%, 159, 27, 10, 1198.87
1697418734, 2, 773, 806, 436, 16, 4.44%, 159, 27, 10, 1192.45
1697418739, 2, 779, 811, 439, 16, 4.46%, 159, 27, 10, 1178.74
1697418745, 2, 779, 819, 447, 16, 4.48%, 159, 29, 10, 144.32
1697418750, 2, 779, 821, 449, 16, 4.48%, 159, 31, 10, 93.46
1697418755, 2, 783, 832, 458, 27, 4.49%, 160, 32, 10, 1135.98
1697418760, 2, 783, 868, 494, 27, 4.50%, 161, 32, 10, 1175.02
1697418765, 2, 786, 874, 499, 32, 4.50%, 161, 32, 10, 1117.69
1697418770, 2, 786, 875, 500, 32, 4.50%, 161, 32, 10, 1146.56
1697418776, 2, 787, 877, 501, 32, 4.50%, 162, 32, 10, 1120.45
1697418781, 2, 789, 879, 502, 33, 4.50%, 162, 32, 10, 1136.17
1697418786, 2, 790, 881, 503, 34, 4.50%, 162, 32, 10, 1146.76
1697418791, 2, 790, 882, 504, 34, 4.50%, 162, 33, 10, 1101.60
1697418796, 2, 792, 883, 504, 34, 4.50%, 162, 33, 10, 1138.83
1697418801, 2, 794, 883, 502, 32, 4.50%, 162, 33, 10, 1187.71
1697418806, 2, 797, 884, 502, 31, 4.50%, 163, 33, 11, 1194.57
1697418811, 2, 798, 884, 501, 30, 4.50%, 163, 33, 11, 1191.93
1697418816, 2, 803, 885, 500, 29, 4.52%, 163, 33, 11, 1192.41
1697418821, 2, 805, 887, 501, 28, 4.52%, 163, 33, 11, 1195.84
1697418826, 2, 806, 887, 500, 28, 4.52%, 163, 33, 11, 1187.83
1697418832, 2, 808, 887, 499, 27, 4.52%, 163, 34, 11, 148.35
1697418837, 2, 808, 887, 499, 27, 4.52%, 163, 36, 11, 255.00
1697418843, 2, 809, 890, 501, 26, 4.52%, 163, 36, 11, 1041.57
1697418848, 2, 809, 890, 501, 26, 4.52%, 163, 38, 11, 12.38
1697418853, 2, 810, 890, 500, 25, 4.52%, 163, 38, 11, 124.39
1697418863, 2, 812, 892, 500, 24, 4.53%, 163, 39, 11, 1105.00
1697418874, 2, 813, 893, 500, 25, 4.53%, 163, 39, 11, 827.16
1697418879, 2, 813, 893, 500, 25, 4.53%, 163, 40, 11, 136.39
1697418884, 2, 813, 893, 500, 25, 4.53%, 163, 41, 11, 731.00
1697418889, 2, 814, 893, 499, 24, 4.53%, 163, 42, 11, 98.49
1697418899, 2, 815, 895, 500, 23, 4.53%, 163, 42, 11, 129.37
1697418904, 2, 815, 895, 500, 23, 4.53%, 163, 43, 11, 98.62
1697418910, 2, 816, 896, 500, 24, 4.53%, 163, 45, 11, 7.88
1697418920, 2, 817, 896, 499, 24, 4.53%, 163, 45, 11, 1145.48
1697418925, 2, 818, 898, 500, 24, 4.53%, 163, 45, 11, 1030.93
1697418931, 2, 818, 898, 500, 24, 4.53%, 163, 46, 11, 137.44
1697418941, 2, 820, 898, 498, 23, 4.53%, 163, 46, 11, 1003.06
1697418946, 2, 820, 903, 503, 23, 4.54%, 163, 46, 11, 1105.79
1697418951, 2, 844, 908, 507, 25, 4.54%, 164, 46, 11, 1121.79
1697418956, 2, 854, 912, 509, 24, 4.55%, 167, 46, 11, 1100.73
1697418961, 2, 859, 916, 511, 23, 4.55%, 167, 46, 11, 1116.97
1697418966, 2, 869, 920, 513, 21, 4.55%, 168, 46, 11, 1091.80
1697418972, 2, 869, 925, 518, 21, 4.56%, 170, 46, 11, 1105.69
1697418977, 2, 875, 926, 518, 22, 4.56%, 170, 46, 11, 1128.57
1697418982, 2, 876, 927, 518, 21, 4.56%, 170, 46, 11, 944.17
1697418987, 2, 879, 928, 518, 22, 4.56%, 171, 46, 11, 1011.00
1697418992, 2, 880, 934, 523, 21, 4.56%, 171, 46, 11, 1073.43
1697418997, 2, 880, 935, 524, 21, 4.56%, 171, 47, 11, 1145.45
1697419002, 2, 884, 935, 522, 21, 4.56%, 171, 47, 11, 1151.61
1697419007, 2, 885, 951, 537, 21, 4.59%, 171, 47, 12, 1195.28
1697419012, 2, 890, 954, 539, 38, 4.59%, 171, 47, 12, 1205.44
1697419017, 2, 891, 954, 538, 37, 4.59%, 171, 47, 12, 97.67
1697419022, 2, 892, 956, 539, 36, 4.59%, 171, 47, 12, 1183.12
1697419028, 2, 893, 957, 539, 35, 4.59%, 171, 47, 12, 1168.40
1697419033, 2, 894, 957, 538, 35, 4.59%, 171, 47, 12, 113.39
1697419048, 2, 895, 968, 548, 34, 4.61%, 171, 47, 12, 91.42
1697419053, 2, 896, 968, 547, 44, 4.61%, 171, 48, 12, 1175.81
1697419058, 2, 896, 972, 551, 44, 4.62%, 171, 48, 12, 1164.08
1697419063, 2, 897, 972, 550, 46, 4.62%, 171, 49, 12, 463.94
1697419084, 2, 900, 972, 548, 44, 4.62%, 171, 49, 12, 989.28
1697419089, 2, 900, 973, 549, 44, 4.67%, 171, 49, 12, 1113.11
1697419094, 2, 902, 973, 548, 44, 4.67%, 172, 50, 12, 42.49
1697419099, 2, 902, 974, 549, 44, 4.67%, 172, 50, 12, 1156.89
1697419104, 2, 910, 974, 547, 42, 4.67%, 172, 50, 12, 1192.57
1697419110, 2, 918, 974, 546, 41, 4.67%, 173, 50, 12, 1138.50
1697419115, 2, 919, 976, 547, 40, 4.67%, 173, 50, 12, 1104.45
1697419125, 2, 926, 978, 547, 39, 4.67%, 173, 50, 12, 1173.79
1697419135, 2, 927, 984, 552, 39, 4.67%, 173, 50, 12, 1132.67
1697419140, 2, 927, 985, 553, 39, 4.67%, 174, 51, 12, 1119.00
1697419145, 2, 929, 985, 552, 39, 4.67%, 174, 51, 12, 1124.69
1697419150, 2, 934, 985, 551, 38, 4.67%, 174, 51, 12, 1157.69
1697419155, 2, 935, 986, 551, 37, 4.67%, 174, 51, 13, 1158.37
1697419161, 2, 937, 987, 550, 36, 4.68%, 174, 51, 13, 1188.32
1697419166, 2, 939, 989, 550, 36, 4.68%, 174, 51, 13, 1201.25
1697419171, 2, 940, 989, 549, 36, 4.68%, 174, 52, 13, 1178.87
1697419176, 2, 942, 989, 547, 34, 4.68%, 174, 52, 13, 1160.45
1697419181, 2, 944, 990, 546, 32, 4.68%, 174, 52, 13, 1161.62
1697419186, 2, 945, 990, 545, 32, 4.68%, 174, 52, 13, 1154.16
1697419191, 2, 947, 990, 543, 30, 4.68%, 174, 52, 13, 1179.01
1697419196, 2, 949, 990, 541, 28, 4.68%, 174, 52, 13, 1188.41
1697419201, 2, 951, 991, 540, 26, 4.68%, 174, 52, 13, 1177.07
1697419206, 2, 953, 993, 540, 26, 4.69%, 174, 52, 13, 1143.78
1697419211, 2, 956, 994, 540, 26, 4.69%, 174, 52, 13, 1137.29
1697419216, 2, 957, 998, 543, 26, 4.69%, 174, 52, 13, 1089.65
1697419221, 2, 958, 999, 543, 26, 4.69%, 174, 52, 13, 699.37
1697419232, 2, 959, 999, 542, 25, 4.69%, 174, 52, 13, 585.62
1697419237, 2, 959, 1001, 544, 25, 4.69%, 175, 52, 13, 56.56
1697419247, 2, 960, 1001, 543, 24, 4.69%, 175, 52, 13, 79.15
1697419257, 2, 961, 1001, 542, 23, 4.69%, 175, 52, 13, 1231.26
1697419267, 2, 962, 1001, 541, 22, 4.69%, 175, 52, 13, 128.41
1697419278, 2, 963, 1001, 540, 21, 4.69%, 175, 52, 13, 78.58
1697419283, 2, 963, 1001, 540, 21, 4.69%, 175, 53, 13, 104.43
1697419293, 2, 965, 1001, 539, 20, 4.69%, 175, 53, 13, 90.02
1697419303, 2, 966, 1001, 538, 19, 4.69%, 175, 53, 13, 142.67
1697419313, 2, 967, 1001, 537, 18, 4.69%, 175, 53, 13, 350.17
1697419334, 2, 969, 1002, 537, 17, 4.70%, 175, 53, 13, 899.20
1697419339, 2, 970, 1003, 537, 17, 4.70%, 175, 53, 13, 1118.23
1697419344, 2, 976, 1003, 535, 15, 4.70%, 175, 53, 13, 1180.05
1697419349, 2, 981, 1004, 535, 15, 4.70%, 175, 53, 13, 1192.66
1697419359, 2, 986, 1006, 535, 13, 4.70%, 175, 53, 14, 1201.90
1697419364, 2, 987, 1006, 534, 14, 4.70%, 175, 53, 14, 1215.70
1697419369, 2, 989, 1007, 533, 12, 4.70%, 175, 53, 14, 1224.96
1697419374, 2, 991, 1014, 538, 12, 4.71%, 175, 53, 14, 1237.80
1697419380, 2, 992, 1015, 538, 17, 4.71%, 175, 53, 14, 1077.74
1697419395, 2, 995, 1018, 540, 16, 4.71%, 175, 53, 14, 734.03
1697419410, 2, 996, 1019, 540, 15, 4.71%, 175, 54, 14, 144.72
1697419415, 2, 997, 1020, 540, 15, 4.71%, 175, 54, 14, 716.81
1697419431, 2, 999, 1020, 539, 15, 4.71%, 175, 54, 14, 1006.43
1697419436, 2, 999, 1030, 549, 15, 4.75%, 177, 54, 14, 1098.24
1697419441, 2, 1001, 1032, 550, 18, 4.75%, 177, 54, 14, 1149.03
1697419446, 2, 1001, 1034, 552, 18, 4.75%, 177, 54, 14, 1177.74
1697419451, 2, 1004, 1035, 551, 17, 4.75%, 177, 54, 14, 1183.40
1697419456, 2, 1005, 1035, 550, 16, 4.75%, 177, 54, 14, 1209.91
1697419461, 2, 1007, 1036, 550, 15, 4.75%, 177, 55, 15, 1213.57
1697419466, 2, 1009, 1037, 549, 14, 4.75%, 177, 55, 15, 1225.90
1697419471, 2, 1010, 1037, 548, 14, 4.75%, 177, 56, 15, 1197.57
1697419476, 2, 1012, 1038, 547, 12, 4.75%, 177, 56, 15, 1205.44
1697419481, 2, 1014, 1038, 545, 10, 4.75%, 177, 56, 15, 1214.42
1697419486, 2, 1018, 1040, 546, 11, 4.75%, 178, 56, 15, 1189.90
1697419492, 2, 1019, 1040, 545, 10, 4.75%, 178, 57, 15, 733.68
1697419507, 2, 1019, 1041, 546, 10, 4.75%, 178, 57, 15, 623.02
1697419512, 2, 1023, 1041, 545, 9, 4.75%, 178, 57, 15, 952.30
1697419517, 2, 1025, 1041, 544, 8, 4.75%, 178, 57, 15, 1089.88
1697419523, 2, 1027, 1044, 546, 7, 4.76%, 180, 57, 15, 1125.35
1697419533, 2, 1030, 1044, 545, 7, 4.76%, 180, 57, 15, 1177.40
1697419538, 2, 1035, 1044, 544, 6, 4.76%, 180, 57, 15, 1212.16
1697419543, 2, 1036, 1044, 543, 5, 4.76%, 180, 59, 15, 154.74
1697419558, 2, 1039, 1044, 541, 3, 4.76%, 180, 59, 15, 977.20
1697419564, 2, 1042, 1044, 540, 2, 4.76%, 180, 59, 15, 1139.13
1697419569, 2, 1043, 1047, 542, 1, 4.76%, 180, 59, 16, 1232.60
1697419574, 2, 1044, 1048, 542, 4, 4.76%, 180, 59, 17, 1249.40
1697419579, 2, 1045, 1048, 541, 4, 4.76%, 180, 59, 17, 75.19
1697419584, 2, 1046, 1052, 544, 3, 4.77%, 181, 59, 17, 1048.84
1697419589, 2, 1046, 1053, 545, 3, 4.77%, 182, 59, 17, 1199.23
1697419594, 2, 1048, 1054, 544, 4, 4.77%, 182, 59, 18, 1209.25
1697419599, 2, 1051, 1056, 545, 5, 4.77%, 183, 59, 18, 1227.25
1697419604, 2, 1051, 1059, 548, 5, 4.78%, 184, 59, 18, 1215.00
1697419609, 2, 1052, 1061, 549, 6, 4.78%, 184, 59, 18, 1180.30
1697419614, 2, 1053, 1063, 550, 5, 4.78%, 184, 59, 19, 1237.19
1697419620, 2, 1054, 1064, 550, 5, 4.78%, 184, 59, 19, 1131.48
1697419625, 2, 1055, 1065, 550, 5, 4.82%, 184, 59, 19, 1198.80
1697419630, 2, 1056, 1073, 557, 4, 4.82%, 184, 59, 19, 1207.30
1697419640, 2, 1062, 1073, 556, 4, 4.82%, 184, 59, 19, 1246.73
1697419645, 2, 1064, 1082, 564, 3, 4.84%, 184, 59, 20, 1240.26
1697419650, 2, 1068, 1085, 566, 14, 4.85%, 184, 60, 20, 1240.89
1697419655, 2, 1071, 1086, 566, 13, 4.85%, 184, 60, 20, 1246.08
1697419661, 2, 1073, 1087, 566, 12, 4.85%, 184, 60, 21, 1223.58
1697419666, 2, 1074, 1088, 566, 12, 4.85%, 184, 61, 21, 1248.88
1697419671, 2, 1076, 1088, 564, 11, 4.85%, 184, 61, 21, 1250.11
1697419677, 2, 1077, 1088, 563, 10, 4.85%, 184, 63, 21, 146.18
1697419682, 2, 1077, 1088, 563, 10, 4.85%, 184, 64, 21, 211.26
1697419692, 2, 1077, 1088, 563, 10, 4.85%, 184, 65, 21, 48.88
1697419697, 2, 1078, 1088, 562, 9, 4.85%, 184, 65, 21, 1214.89
1697419702, 2, 1080, 1090, 562, 8, 4.87%, 184, 65, 21, 1229.69
1697419707, 2, 1081, 1092, 563, 8, 4.87%, 184, 65, 21, 1235.62
1697419713, 2, 1081, 1097, 568, 8, 4.89%, 184, 65, 21, 1225.94
1697419718, 2, 1082, 1098, 568, 11, 4.89%, 184, 66, 21, 1223.51
1697419723, 2, 1084, 1099, 568, 10, 4.89%, 184, 66, 21, 1227.83
1697419728, 2, 1086, 1100, 568, 10, 4.89%, 184, 66, 22, 1209.90
1697419733, 2, 1087, 1100, 567, 9, 4.89%, 184, 66, 22, 1220.54
1697419738, 2, 1089, 1101, 566, 7, 4.91%, 184, 66, 22, 1226.11
1697419743, 2, 1089, 1102, 567, 7, 4.91%, 184, 67, 22, 1216.17
1697419748, 2, 1090, 1105, 569, 9, 4.91%, 184, 67, 22, 1222.92
1697419753, 2, 1090, 1106, 570, 9, 4.91%, 184, 67, 22, 1232.48
1697419758, 2, 1092, 1106, 569, 10, 4.91%, 184, 67, 22, 1233.63
1697419763, 2, 1093, 1109, 571, 9, 4.92%, 184, 67, 22, 1235.98
1697419769, 2, 1096, 1111, 572, 11, 4.92%, 184, 67, 22, 1190.41
1697419774, 2, 1096, 1112, 573, 11, 4.92%, 184, 67, 22, 1197.05
1697419779, 2, 1098, 1114, 574, 10, 4.92%, 184, 67, 22, 1197.07
1697419784, 2, 1100, 1114, 573, 9, 4.92%, 184, 67, 22, 1192.40
1697419789, 2, 1100, 1115, 574, 9, 4.92%, 184, 67, 23, 1209.99
1697419794, 2, 1101, 1117, 575, 8, 4.92%, 184, 67, 23, 1213.47
1697419799, 2, 1103, 1119, 576, 8, 4.92%, 184, 67, 23, 1204.84
1697419804, 2, 1105, 1122, 578, 7, 4.92%, 184, 67, 23, 1168.17
1697419809, 2, 1105, 1123, 579, 7, 4.92%, 184, 67, 23, 1197.45
1697419814, 2, 1106, 1123, 578, 7, 4.92%, 184, 67, 23, 1167.49
1697419819, 2, 1107, 1123, 577, 6, 4.92%, 184, 67, 23, 1152.31
1697419824, 2, 1108, 1124, 577, 5, 4.92%, 184, 68, 23, 1189.79
1697419829, 2, 1110, 1126, 578, 5, 4.92%, 184, 68, 23, 1187.42
1697419834, 2, 1110, 1128, 580, 5, 4.92%, 184, 68, 23, 1185.14
1697419839, 2, 1114, 1128, 579, 5, 4.92%, 184, 68, 23, 1195.35
1697419845, 2, 1118, 1131, 581, 4, 4.92%, 184, 68, 24, 1207.76
1697419850, 2, 1118, 1132, 582, 4, 4.92%, 184, 68, 24, 1200.02
1697419855, 2, 1123, 1132, 580, 3, 4.92%, 184, 68, 24, 1193.73
1697419860, 2, 1126, 1133, 580, 2, 4.92%, 184, 68, 24, 1188.14
1697419865, 2, 1126, 1135, 582, 2, 4.92%, 184, 68, 24, 1206.82
1697419870, 2, 1128, 1135, 581, 1, 4.92%, 184, 68, 24, 1200.52
1697419876, 2, 1130, 1135, 580, 0, 4.92%, 184, 69, 24, 163.42
1697419881, 2, 1132, 1135, 579, 0, 4.92%, 184, 69, 24, 1216.77
1697419886, 2, 1134, 1135, 578, 0, 4.92%, 184, 69, 24, 1218.14
1697419891, 3, 10, 1135, 577, 0, 4.92%, 184, 69, 24, 1199.04
1697419896, 3, 36, 1136, 574, 0, 4.92%, 184, 69, 24, 1189.53
1697419901, 3, 59, 1136, 570, 0, 4.92%, 184, 69, 24, 1177.79
1697419906, 3, 85, 1137, 567, 0, 4.92%, 184, 69, 24, 1193.33
1697419911, 3, 94, 1137, 564, 0, 4.92%, 184, 69, 24, 1148.43
1697419916, 3, 105, 1137, 560, 0, 4.92%, 184, 69, 24, 1160.60
1697419921, 3, 130, 1137, 559, 0, 4.92%, 184, 69, 24, 1170.37
1697419926, 3, 141, 1137, 555, 0, 4.92%, 184, 69, 24, 1172.76
1697419931, 3, 155, 1137, 553, 0, 4.92%, 184, 69, 24, 1161.28
1697419936, 3, 168, 1137, 550, 0, 4.92%, 185, 69, 24, 1170.48
1697419942, 3, 180, 1138, 548, 0, 4.92%, 185, 69, 24, 1163.83
1697419947, 3, 191, 1138, 546, 0, 4.92%, 185, 69, 24, 1151.07
1697419952, 3, 203, 1142, 548, 0, 4.92%, 185, 69, 24, 1148.32
1697419957, 3, 203, 1143, 549, 0, 4.92%, 185, 69, 24, 1160.27
1697419962, 3, 213, 1143, 546, 0, 4.92%, 186, 69, 24, 1164.75
1697419967, 3, 227, 1143, 544, 0, 4.92%, 186, 69, 24, 1147.83
1697419972, 3, 250, 1143, 541, 0, 4.92%, 186, 69, 24, 1143.27
1697419977, 3, 259, 1144, 539, 0, 4.92%, 186, 69, 24, 1171.27
1697419982, 3, 278, 1144, 538, 0, 4.92%, 187, 69, 24, 1187.75
1697419988, 3, 307, 1144, 535, 0, 4.92%, 188, 69, 24, 1162.72
1697419993, 3, 323, 1144, 535, 0, 4.92%, 188, 69, 24, 1168.88
1697419998, 3, 661, 1146, 535, 1, 4.93%, 189, 69, 24, 1178.68
1697420003, 3, 817, 1147, 536, 1, 4.93%, 189, 69, 24, 1180.62
1697420008, 3, 944, 1147, 536, 2, 4.93%, 189, 69, 24, 1233.94
1697420013, 3, 1144, 1149, 538, 2, 4.93%, 189, 69, 24, 1206.79
1697420019, 3, 1146, 1154, 542, 3, 4.94%, 189, 69, 24, 1216.11
1697420024, 3, 1147, 1157, 544, 10, 4.94%, 190, 69, 24, 1194.94
1697420029, 3, 1149, 1159, 544, 8, 4.95%, 190, 69, 24, 1204.77
1697420034, 3, 1150, 1162, 546, 12, 4.95%, 190, 69, 24, 1208.63
1697420039, 3, 1152, 1162, 544, 10, 4.95%, 190, 69, 24, 1151.50
1697420044, 3, 1153, 1163, 544, 9, 4.95%, 190, 69, 24, 1187.99
1697420049, 3, 1155, 1163, 542, 8, 4.95%, 190, 69, 24, 1181.12
1697420054, 3, 1157, 1163, 540, 6, 4.95%, 190, 69, 24, 1196.17
1697420059, 3, 1159, 1163, 538, 4, 4.95%, 190, 69, 24, 1181.68
1697420064, 3, 1160, 1164, 538, 3, 4.95%, 190, 69, 24, 1178.33
1697420070, 3, 1162, 1168, 540, 1, 4.95%, 190, 69, 24, 1180.85
1697420075, 4, 17, 1168, 537, 0, 4.95%, 190, 69, 24, 1177.84
1697420080, 4, 47, 1168, 534, 0, 4.95%, 190, 69, 24, 1159.56
1697420085, 4, 58, 1168, 530, 0, 4.95%, 190, 69, 24, 1163.60
1697420090, 4, 84, 1168, 526, 0, 4.95%, 190, 69, 24, 1142.92
1697420095, 4, 105, 1168, 525, 0, 4.95%, 190, 69, 24, 1166.38
1697420100, 4, 123, 1168, 524, 0, 4.95%, 190, 70, 24, 1068.59
1697420105, 4, 137, 1168, 522, 0, 4.95%, 190, 70, 24, 1111.79
1697420110, 4, 151, 1169, 520, 0, 4.95%, 190, 70, 24, 1151.90
1697420115, 4, 179, 1169, 519, 0, 4.95%, 190, 70, 24, 1123.95
1697420120, 4, 193, 1169, 518, 0, 4.95%, 190, 70, 24, 1127.21
1697420125, 4, 213, 1169, 517, 0, 4.95%, 191, 70, 24, 1165.64
1697420130, 4, 244, 1170, 517, 0, 4.95%, 192, 70, 24, 1170.63
1697420135, 4, 261, 1170, 516, 0, 4.95%, 192, 70, 24, 1196.85
1697420140, 4, 826, 1173, 519, 3, 4.97%, 192, 70, 24, 1216.89
1697420145, 4, 1130, 1173, 518, 3, 4.97%, 192, 70, 24, 1196.49
1697420150, 4, 1130, 1176, 521, 3, 4.97%, 192, 70, 25, 1208.00
1697420155, 4, 1170, 1178, 523, 3, 4.97%, 192, 70, 25, 1197.90
1697420161, 4, 1170, 1181, 526, 3, 4.98%, 192, 70, 25, 1178.43
1697420166, 4, 1172, 1182, 526, 3, 4.98%, 192, 70, 25, 1178.33
1697420171, 4, 1172, 1183, 527, 3, 4.98%, 192, 70, 25, 1222.21
1697420176, 4, 1178, 1184, 527, 2, 4.98%, 192, 70, 25, 1191.76
1697420181, 4, 1178, 1185, 528, 2, 4.98%, 192, 70, 25, 1161.73
1697420186, 4, 1180, 1186, 528, 2, 4.98%, 192, 70, 25, 1151.94
1697420191, 4, 1184, 1186, 527, 2, 4.98%, 192, 70, 25, 1136.90
1697420196, 4, 1185, 1186, 526, 1, 4.98%, 192, 70, 25, 1160.68
1697420206, 5, 28, 1186, 522, 0, 4.98%, 192, 70, 25, 1160.29
1697420211, 5, 77, 1186, 519, 0, 4.98%, 192, 70, 25, 1170.39
1697420216, 5, 105, 1186, 519, 0, 4.98%, 192, 70, 25, 1168.20
1697420222, 5, 134, 1186, 519, 0, 4.98%, 192, 70, 25, 1177.69
1697420227, 5, 151, 1187, 517, 0, 4.98%, 193, 70, 25, 1165.26
1697420232, 5, 161, 1187, 516, 0, 4.98%, 193, 70, 25, 1164.69
1697420237, 5, 178, 1188, 516, 0, 4.98%, 193, 70, 25, 1158.07
1697420242, 5, 426, 1188, 513, 1, 4.98%, 194, 70, 25, 1146.50
1697420248, 5, 906, 1188, 512, 1, 4.98%, 194, 71, 25, 180.85
1697420253, 5, 906, 1190, 514, 1, 4.98%, 194, 71, 25, 1121.39
1697420258, 5, 931, 1191, 514, 2, 4.98%, 194, 71, 25, 1102.62
1697420263, 5, 931, 1192, 515, 2, 4.98%, 194, 71, 25, 1143.08
1697420268, 5, 933, 1199, 521, 2, 4.98%, 194, 71, 25, 1069.54
1697420273, 5, 933, 1202, 524, 2, 4.99%, 194, 71, 25, 1136.09
1697420279, 5, 1048, 1202, 523, 3, 4.99%, 194, 71, 25, 1204.56
1697420284, 5, 1187, 1203, 524, 3, 4.99%, 194, 71, 25, 1114.20
1697420289, 5, 1189, 1203, 523, 3, 4.99%, 194, 72, 25, 1100.27
1697420294, 5, 1189, 1207, 527, 3, 4.99%, 194, 72, 25, 1087.22
1697420299, 5, 1189, 1209, 529, 3, 4.99%, 194, 72, 25, 1111.45
1697420304, 5, 1189, 1210, 530, 3, 4.99%, 194, 72, 25, 1139.27
1697420309, 5, 1201, 1210, 529, 5, 4.99%, 195, 72, 25, 1138.92
1697420314, 5, 1201, 1211, 530, 5, 5.01%, 195, 72, 25, 1183.26
1697420320, 5, 1202, 1214, 532, 5, 5.01%, 197, 72, 25, 1098.30
1697420325, 5, 1202, 1215, 533, 5, 5.01%, 197, 73, 25, 1134.06
1697420330, 5, 1205, 1215, 532, 5, 5.01%, 197, 73, 25, 1133.59
1697420335, 5, 1205, 1216, 533, 5, 5.01%, 197, 74, 25, 1116.02
1697420345, 5, 1206, 1217, 533, 4, 5.01%, 197, 74, 25, 1152.59
1697420350, 5, 1206, 1217, 533, 4, 5.01%, 197, 75, 25, 1112.65
1697420355, 5, 1206, 1218, 534, 4, 5.01%, 197, 75, 25, 1175.82
1697420360, 5, 1209, 1218, 533, 4, 5.01%, 197, 75, 25, 1159.59
1697420371, 5, 1210, 1220, 534, 3, 5.02%, 197, 75, 25, 1228.16
1697420376, 5, 1213, 1220, 533, 4, 5.02%, 198, 75, 25, 1131.41
1697420386, 5, 1217, 1220, 532, 3, 5.02%, 199, 75, 25, 1171.11
1697420396, 5, 1218, 1220, 531, 2, 5.02%, 199, 75, 25, 1196.42
1697420401, 5, 1219, 1220, 530, 1, 5.02%, 199, 75, 25, 1201.86
1697420406, 6, 29, 1220, 528, 0, 5.02%, 199, 75, 25, 1149.86
1697420411, 6, 54, 1220, 527, 0, 5.02%, 199, 76, 25, 1114.04
1697420416, 6, 77, 1220, 523, 0, 5.02%, 199, 76, 25, 1111.51
1697420421, 6, 99, 1220, 521, 0, 5.02%, 199, 76, 25, 1147.02
1697420426, 6, 113, 1221, 520, 0, 5.02%, 199, 76, 25, 1171.87
1697420432, 6, 414, 1226, 522, 2, 5.02%, 199, 76, 25, 1156.00
1697420437, 6, 508, 1226, 521, 3, 5.02%, 199, 77, 25, 1170.40
1697420442, 6, 1165, 1227, 521, 3, 5.02%, 199, 77, 25, 1140.54
1697420452, 6, 1220, 1230, 523, 3, 5.02%, 200, 77, 25, 1128.42
1697420457, 6, 1220, 1231, 524, 3, 5.02%, 200, 77, 25, 1143.97
1697420462, 6, 1221, 1233, 525, 4, 5.02%, 200, 77, 25, 1119.52
1697420467, 6, 1224, 1234, 525, 3, 5.02%, 200, 77, 25, 1132.22
1697420472, 6, 1224, 1235, 526, 3, 5.02%, 200, 77, 25, 1133.08
1697420477, 6, 1224, 1237, 528, 3, 5.02%, 200, 77, 25, 1146.72
1697420482, 6, 1225, 1238, 528, 4, 5.02%, 200, 77, 25, 1080.81
1697420487, 6, 1225, 1240, 530, 4, 5.02%, 200, 77, 25, 1105.34
1697420492, 6, 1229, 1242, 531, 5, 5.03%, 200, 77, 25, 1067.31
1697420503, 6, 1230, 1242, 530, 4, 5.03%, 200, 77, 25, 1142.66
1697420508, 6, 1230, 1247, 535, 4, 5.03%, 200, 77, 25, 1095.35
1697420513, 6, 1230, 1249, 537, 4, 5.03%, 200, 77, 25, 1138.10
1697420518, 6, 1239, 1253, 540, 6, 5.03%, 200, 78, 25, 40.57
1697420523, 6, 1239, 1256, 543, 6, 5.03%, 200, 78, 25, 1104.70
1697420528, 6, 1240, 1257, 543, 6, 5.03%, 200, 78, 25, 1120.70
1697420538, 6, 1240, 1257, 543, 6, 5.03%, 200, 79, 25, 1170.00
1697420543, 6, 1241, 1258, 543, 5, 5.03%, 200, 79, 25, 1139.48
1697420548, 6, 1241, 1258, 543, 5, 5.03%, 201, 79, 25, 1136.34
1697420554, 6, 1245, 1260, 544, 6, 5.03%, 201, 79, 25, 1152.81
1697420559, 6, 1247, 1260, 543, 5, 5.03%, 201, 80, 25, 1158.95
1697420564, 6, 1249, 1262, 544, 5, 5.03%, 201, 80, 25, 1155.96
1697420569, 6, 1249, 1264, 546, 5, 5.04%, 201, 80, 25, 1141.21
1697420574, 6, 1249, 1265, 547, 5, 5.04%, 201, 80, 25, 1163.71
1697420579, 6, 1254, 1265, 546, 6, 5.04%, 201, 80, 25, 1121.59
1697420584, 6, 1257, 1266, 546, 6, 5.04%, 201, 80, 25, 1138.18
1697420589, 6, 1257, 1266, 546, 6, 5.04%, 201, 81, 25, 1158.64
1697420595, 6, 1258, 1266, 545, 5, 5.04%, 201, 82, 25, 1092.16
1697420600, 6, 1258, 1267, 546, 5, 5.04%, 201, 82, 25, 1122.61
1697420605, 6, 1263, 1267, 544, 4, 5.04%, 201, 82, 25, 1166.49
1697420610, 6, 1264, 1270, 546, 3, 5.04%, 201, 82, 25, 1199.27
1697421049, 6, 1264, 1276, 552, 3, 5.05%, 201, 82, 25, 0.05
1697421054, 6, 1265, 1279, 554, 7, 5.05%, 201, 82, 25, 1156.02
1697421064, 6, 1266, 1279, 553, 8, 5.05%, 201, 82, 25, 1172.24
1697421074, 6, 1268, 1279, 551, 6, 5.05%, 201, 83, 25, 1161.79
1697421079, 6, 1270, 1283, 554, 7, 5.06%, 201, 83, 25, 1153.96
1697421084, 6, 1270, 1285, 556, 7, 5.07%, 201, 83, 25, 1158.75
1697421089, 6, 1275, 1286, 556, 7, 5.07%, 201, 83, 25, 1163.48
1697421094, 6, 1277, 1287, 556, 6, 5.07%, 201, 83, 25, 1186.54
1697421099, 6, 1277, 1288, 557, 6, 5.07%, 201, 83, 25, 1058.55
1697421104, 6, 1278, 1288, 556, 5, 5.07%, 201, 83, 25, 1141.99
1697421114, 6, 1280, 1291, 558, 4, 5.08%, 201, 83, 25, 1145.32
1697421120, 6, 1280, 1292, 559, 4, 5.09%, 201, 83, 25, 1153.32
1697421125, 6, 1280, 1293, 560, 4, 5.09%, 201, 83, 25, 1135.77
1697421130, 6, 1281, 1295, 561, 7, 5.09%, 201, 83, 25, 1129.49
1697421140, 6, 1285, 1296, 561, 9, 5.09%, 202, 83, 25, 1158.41
1697421145, 6, 1285, 1296, 561, 9, 5.09%, 202, 84, 25, 1183.88
1697421150, 6, 1288, 1296, 560, 8, 5.09%, 202, 85, 25, 1155.29
1697421155, 6, 1288, 1298, 562, 8, 5.10%, 202, 85, 25, 1140.78
1697421160, 6, 1289, 1298, 561, 8, 5.10%, 202, 85, 25, 1127.59
1697421165, 6, 1289, 1298, 561, 8, 5.10%, 203, 85, 25, 1065.13
1697421171, 6, 1290, 1298, 560, 7, 5.10%, 203, 85, 25, 988.10
1697421181, 6, 1290, 1300, 562, 7, 5.10%, 204, 85, 25, 1106.13
1697421186, 6, 1291, 1301, 562, 7, 5.11%, 205, 85, 25, 1131.24
1697421196, 6, 1292, 1301, 561, 7, 5.11%, 205, 85, 25, 1073.80
1697421201, 6, 1293, 1301, 560, 6, 5.11%, 205, 85, 25, 1114.15
1697421211, 6, 1294, 1301, 559, 5, 5.11%, 205, 85, 25, 1137.31
1697421216, 6, 1294, 1301, 559, 5, 5.11%, 206, 85, 25, 1098.53
1697421221, 6, 1295, 1302, 559, 4, 5.11%, 206, 85, 25, 1152.67
1697421231, 6, 1296, 1302, 558, 4, 5.11%, 206, 85, 25, 1056.55
1697421236, 6, 1298, 1302, 557, 3, 5.11%, 206, 85, 25, 1127.43
1697421242, 6, 1298, 1304, 559, 3, 5.11%, 207, 85, 25, 1138.08
1697421247, 6, 1300, 1304, 558, 3, 5.11%, 208, 85, 25, 1144.53
1697421257, 6, 1301, 1305, 558, 2, 5.11%, 208, 85, 25, 1161.68
1697421267, 6, 1302, 1305, 557, 2, 5.11%, 208, 85, 25, 1057.71
1697421272, 6, 1304, 1305, 556, 1, 5.11%, 208, 85, 25, 1160.87
1697421277, 7, 11, 1305, 555, 0, 5.11%, 208, 86, 25, 1059.32
1697421282, 7, 57, 1305, 553, 0, 5.11%, 208, 86, 25, 1145.27
1697421287, 7, 68, 1306, 552, 0, 5.11%, 208, 86, 25, 1153.90
1697421292, 7, 349, 1307, 549, 1, 5.11%, 208, 86, 25, 1134.71
1697421297, 7, 1031, 1307, 546, 1, 5.11%, 208, 86, 25, 1167.82
1697421302, 7, 1031, 1309, 548, 1, 5.11%, 208, 87, 25, 23.03
1697421313, 7, 1305, 1309, 547, 2, 5.11%, 208, 87, 25, 1096.16
1697421318, 7, 1307, 1309, 546, 1, 5.11%, 208, 87, 25, 1103.00
1697421323, 7, 1307, 1310, 547, 1, 5.11%, 208, 87, 25, 1159.56
1697421333, 7, 1309, 1310, 546, 1, 5.11%, 208, 87, 25, 1178.11
1697421338, 7, 1309, 1312, 548, 1, 5.11%, 208, 87, 25, 1186.16
1697421343, 7, 1311, 1312, 547, 0, 5.11%, 208, 87, 25, 1172.62
1697421348, 7, 1311, 1312, 547, 0, 5.11%, 208, 88, 25, 1150.76
1697421353, 8, 11, 1312, 546, 0, 5.11%, 208, 88, 25, 1181.09
1697421358, 8, 46, 1312, 546, 0, 5.11%, 208, 88, 25, 1177.29
1697421363, 8, 85, 1312, 543, 0, 5.11%, 208, 88, 25, 1155.86
1697421368, 8, 390, 1313, 543, 1, 5.12%, 208, 88, 25, 1163.67
1697421373, 8, 553, 1313, 541, 1, 5.12%, 209, 88, 25, 1152.82
1697421378, 8, 736, 1313, 541, 1, 5.12%, 210, 88, 25, 1166.17
1697421383, 8, 811, 1314, 542, 1, 5.12%, 210, 88, 25, 1191.63
1697421388, 8, 1029, 1314, 542, 1, 5.12%, 210, 88, 25, 1170.14
1697421394, 8, 1066, 1314, 541, 1, 5.12%, 210, 88, 25, 1200.76
1697421399, 8, 1312, 1314, 540, 1, 5.12%, 210, 88, 25, 1158.12
1697421404, 9, 44, 1315, 540, 0, 5.12%, 210, 88, 25, 1146.77
1697421409, 9, 76, 1315, 539, 0, 5.12%, 210, 88, 25, 1161.70
1697421414, 9, 100, 1315, 539, 0, 5.12%, 211, 88, 25, 1170.97
1697421419, 9, 111, 1315, 537, 0, 5.12%, 211, 88, 25, 1174.26
1697421424, 9, 129, 1315, 536, 0, 5.12%, 211, 88, 25, 1167.27
1697421429, 9, 151, 1317, 537, 0, 5.12%, 211, 88, 25, 1156.05
1697421434, 9, 175, 1317, 537, 0, 5.12%, 211, 88, 25, 1173.87
1697421439, 9, 190, 1317, 536, 0, 5.12%, 211, 88, 25, 1159.55
1697421444, 9, 207, 1317, 536, 0, 5.12%, 211, 88, 25, 1149.07
1697421449, 9, 229, 1317, 534, 0, 5.12%, 211, 88, 25, 1163.68
1697421454, 9, 293, 1319, 534, 1, 5.12%, 211, 88, 25, 1149.52
1697421459, 9, 850, 1319, 531, 1, 5.12%, 211, 88, 25, 157.29
1697421475, 9, 925, 1319, 529, 1, 5.12%, 211, 88, 25, 1023.39
1697421480, 9, 925, 1319, 529, 1, 5.12%, 211, 89, 25, 1149.77
1697421485, 9, 1131, 1320, 529, 1, 5.12%, 211, 89, 25, 1173.00
1697421490, 9, 1231, 1322, 530, 1, 5.12%, 211, 89, 25, 1173.08
1697421500, 9, 1317, 1324, 531, 1, 5.18%, 211, 89, 25, 1124.48
1697421505, 9, 1317, 1324, 531, 1, 5.18%, 211, 90, 25, 1106.56
1697421511, 9, 1322, 1329, 535, 3, 5.18%, 215, 90, 25, 1086.21
1697421516, 9, 1322, 1335, 541, 3, 5.18%, 217, 90, 25, 1086.58
1697421521, 9, 1322, 1336, 542, 3, 5.18%, 217, 90, 25, 1112.12
1697421526, 9, 1323, 1337, 542, 5, 5.18%, 217, 90, 25, 1101.76
1697421531, 9, 1323, 1338, 543, 5, 5.19%, 217, 90, 25, 1135.27
1697421536, 9, 1326, 1338, 542, 5, 5.19%, 217, 90, 25, 1145.17
1697421541, 9, 1326, 1339, 543, 5, 5.19%, 217, 90, 25, 1162.63
1697421546, 9, 1327, 1339, 542, 4, 5.19%, 217, 90, 25, 1122.28
1697421556, 9, 1334, 1339, 541, 3, 5.19%, 217, 90, 25, 1112.37
1697421566, 9, 1337, 1341, 542, 2, 5.19%, 217, 90, 25, 1124.71
1697421571, 9, 1337, 1343, 544, 2, 5.19%, 217, 90, 25, 1092.47
1697421581, 10, 405, 1344, 544, 1, 5.19%, 217, 90, 25, 1164.23
1697421586, 10, 745, 1344, 542, 1, 5.19%, 217, 90, 25, 1181.69
1697421592, 10, 757, 1344, 542, 1, 5.19%, 217, 90, 25, 1147.22
1697421597, 10, 1030, 1344, 541, 1, 5.19%, 217, 90, 25, 1186.89
1697421602, 10, 1236, 1344, 541, 1, 5.19%, 217, 90, 25, 1132.77
1697421612, 10, 1241, 1344, 540, 0, 5.19%, 217, 90, 25, 1098.01
1697421617, 10, 1247, 1344, 540, 0, 5.19%, 217, 90, 25, 1107.64
1697421622, 10, 1249, 1345, 540, 0, 5.19%, 217, 90, 25, 1158.08
1697421627, 10, 1257, 1346, 541, 0, 5.19%, 217, 91, 25, 1121.98
1697421632, 10, 1260, 1346, 541, 0, 5.19%, 217, 91, 25, 1148.89
1697421637, 10, 1261, 1346, 541, 0, 5.19%, 217, 91, 25, 1156.64
1697421642, 10, 1266, 1346, 540, 0, 5.19%, 217, 91, 25, 1182.37
1697421648, 10, 1326, 1347, 541, 1, 5.19%, 217, 91, 25, 1159.99
1697421653, 10, 1328, 1347, 541, 1, 5.19%, 217, 91, 25, 1188.74
1697421668, 10, 1346, 1347, 540, 1, 5.19%, 218, 91, 25, 1113.55
1697421673, 10, 1348, 1349, 541, 1, 5.19%, 219, 92, 25, 1165.00
1697421678, 10, 1348, 1350, 542, 1, 5.19%, 219, 92, 25, 1146.85
1697421683, 11, 66, 1350, 541, 0, 5.19%, 219, 92, 25, 1146.01
1697421689, 11, 89, 1350, 539, 0, 5.19%, 219, 92, 25, 1158.06
1697421694, 11, 327, 1351, 538, 1, 5.20%, 219, 92, 25, 1159.12
1697421699, 11, 434, 1352, 538, 1, 5.20%, 219, 92, 25, 1156.52
1697421704, 11, 799, 1352, 537, 1, 5.20%, 219, 92, 25, 1137.63
1697421714, 11, 1004, 1352, 536, 1, 5.20%, 219, 92, 25, 1136.61
1697421719, 11, 1253, 1352, 536, 1, 5.20%, 219, 92, 25, 1119.13
1697421724, 11, 1253, 1353, 537, 1, 5.20%, 219, 92, 25, 1032.71
1697421734, 11, 1350, 1362, 545, 1, 5.20%, 220, 92, 25, 1060.43
1697421740, 11, 1350, 1367, 550, 1, 5.20%, 221, 92, 25, 1046.46
1697421745, 11, 1354, 1370, 552, 1, 5.20%, 221, 92, 25, 1112.55
1697421750, 11, 1354, 1371, 553, 1, 5.20%, 221, 92, 25, 1095.89
1697421755, 11, 1354, 1372, 554, 1, 5.20%, 221, 92, 25, 1152.86
1697421760, 11, 1355, 1373, 554, 0, 5.20%, 221, 92, 25, 1054.37
1697421765, 11, 1355, 1379, 560, 0, 5.25%, 221, 93, 25, 1028.34
1697421775, 11, 1361, 1379, 559, 2, 5.25%, 221, 94, 25, 1139.06
1697421785, 11, 1373, 1379, 558, 2, 5.25%, 221, 95, 25, 1117.79
1697421791, 11, 1373, 1385, 564, 2, 5.26%, 227, 95, 25, 1089.90
1697421796, 11, 1373, 1386, 565, 2, 5.26%, 227, 95, 25, 1131.70
1697421801, 11, 1376, 1389, 567, 4, 5.26%, 227, 95, 25, 1103.35
1697421806, 11, 1376, 1393, 571, 4, 5.26%, 229, 95, 25, 1102.99
1697421816, 11, 1383, 1396, 573, 4, 5.26%, 229, 95, 25, 1112.84
1697421826, 11, 1384, 1396, 572, 4, 5.26%, 229, 95, 25, 1161.20
1697421831, 11, 1384, 1399, 575, 4, 5.27%, 230, 95, 25, 1116.44
1697421836, 11, 1384, 1402, 578, 4, 5.32%, 230, 95, 25, 1109.25
1697421841, 11, 1384, 1404, 580, 4, 5.32%, 230, 95, 25, 1104.25
1697421846, 11, 1385, 1406, 581, 6, 5.32%, 231, 95, 25, 1095.71
1697421851, 11, 1385, 1409, 584, 6, 5.32%, 231, 95, 25, 1099.67
1697421857, 11, 1385, 1410, 585, 6, 5.32%, 231, 95, 25, 1150.73
1697421862, 11, 1388, 1410, 584, 6, 5.32%, 231, 95, 25, 1183.33
1697421867, 11, 1395, 1414, 587, 5, 5.32%, 232, 95, 25, 1131.00
1697421872, 11, 1395, 1415, 588, 5, 5.32%, 232, 95, 25, 1127.87
1697421882, 11, 1396, 1415, 587, 6, 5.32%, 233, 95, 25, 1109.25
1697421892, 11, 1398, 1417, 588, 5, 5.32%, 234, 95, 25, 1100.36
1697421897, 11, 1398, 1419, 590, 5, 5.33%, 234, 95, 25, 1102.74
1697421907, 11, 1401, 1420, 590, 5, 5.33%, 234, 95, 25, 1076.77
1697421912, 11, 1401, 1422, 592, 5, 5.33%, 234, 95, 25, 1057.57
1697421922, 11, 1406, 1423, 592, 5, 5.33%, 234, 95, 25, 1104.40
1697421927, 11, 1406, 1424, 593, 5, 5.33%, 234, 95, 25, 1119.15
1697421937, 11, 1411, 1425, 593, 5, 5.33%, 236, 95, 25, 1110.51
1697421953, 11, 1412, 1432, 599, 5, 5.33%, 237, 95, 25, 1109.03
1697421958, 11, 1412, 1436, 603, 5, 5.35%, 237, 95, 25, 1124.62
1697421968, 11, 1418, 1437, 603, 8, 5.36%, 238, 95, 25, 1100.24
1697421978, 11, 1420, 1437, 602, 8, 5.36%, 238, 95, 25, 1161.05
1697421983, 11, 1420, 1437, 602, 8, 5.36%, 239, 95, 25, 1119.68
1697421993, 11, 1422, 1437, 601, 7, 5.36%, 239, 95, 25, 1124.39
1697422003, 11, 1424, 1438, 601, 6, 5.36%, 240, 95, 25, 1104.89
1697422009, 11, 1424, 1440, 603, 6, 5.40%, 240, 95, 25, 1125.28
1697422019, 11, 1429, 1441, 603, 6, 5.40%, 240, 95, 25, 1113.50
1697422024, 11, 1429, 1442, 604, 6, 5.40%, 240, 95, 25, 1096.34
1697422034, 11, 1432, 1443, 604, 5, 5.40%, 240, 95, 25, 1107.71
1697422044, 11, 1434, 1443, 603, 5, 5.40%, 240, 95, 25, 1118.75
1697422060, 11, 1435, 1444, 603, 4, 5.40%, 240, 95, 25, 1109.79
1697422075, 11, 1436, 1445, 603, 4, 5.40%, 241, 95, 25, 1082.96
1697422090, 11, 1438, 1446, 603, 3, 5.40%, 241, 95, 25, 1102.67
1697422095, 11, 1438, 1447, 604, 3, 5.41%, 242, 96, 25, 1129.89
1697422100, 11, 1438, 1448, 605, 3, 5.41%, 242, 96, 25, 1183.05
1697422105, 11, 1442, 1448, 604, 5, 5.41%, 242, 96, 25, 1108.96
1697422116, 11, 1443, 1449, 604, 4, 5.41%, 243, 96, 25, 1102.83
1697422131, 11, 1445, 1450, 604, 3, 5.41%, 243, 96, 25, 1117.67
1697422147, 11, 1446, 1450, 603, 2, 5.41%, 243, 96, 25, 1108.44
1697422152, 11, 1446, 1451, 604, 2, 5.41%, 243, 96, 25, 1137.45
1697422162, 11, 1451, 1453, 604, 1, 5.43%, 243, 96, 25, 1208.34
1697422167, 11, 1451, 1454, 605, 1, 5.43%, 243, 96, 25, 1215.19
1697422172, 11, 1452, 1454, 604, 2, 5.43%, 245, 96, 25, 1142.76
1697422177, 11, 1453, 1454, 603, 1, 5.43%, 245, 96, 25, 935.19
1697422182, 12, 58, 1454, 602, 0, 5.43%, 245, 96, 25, 1111.00
1697422188, 12, 105, 1455, 603, 0, 5.43%, 245, 96, 25, 1154.69
1697422193, 12, 128, 1455, 603, 0, 5.43%, 246, 96, 25, 1156.94
1697422198, 12, 157, 1455, 601, 0, 5.43%, 246, 96, 25, 1159.84
1697422203, 12, 187, 1455, 601, 0, 5.43%, 246, 96, 25, 1123.90
1697422208, 12, 199, 1455, 599, 0, 5.43%, 246, 96, 25, 1100.56
1697422213, 12, 344, 1456, 597, 1, 5.43%, 246, 96, 25, 1096.74
1697422218, 12, 646, 1456, 596, 1, 5.43%, 246, 96, 25, 1131.46
1697422223, 12, 1043, 1456, 593, 1, 5.43%, 246, 96, 25, 1177.61
1697422228, 12, 1060, 1456, 593, 1, 5.43%, 246, 96, 25, 1116.45
1697422233, 12, 1097, 1456, 592, 1, 5.43%, 246, 96, 25, 1186.72
1697422238, 12, 1287, 1456, 591, 1, 5.43%, 246, 96, 25, 1118.16
1697422243, 12, 1287, 1457, 592, 1, 5.43%, 246, 96, 25, 1144.46
1697422248, 12, 1318, 1460, 594, 1, 5.43%, 246, 96, 25, 998.19
1697422259, 12, 1371, 1462, 595, 1, 5.43%, 246, 96, 25, 1093.33
1697422264, 12, 1371, 1465, 598, 1, 5.43%, 246, 96, 25, 1117.50
1697422269, 12, 1386, 1465, 597, 1, 5.43%, 246, 96, 25, 1149.53
1697422274, 12, 1386, 1466, 598, 1, 5.43%, 246, 96, 25, 1150.65
1697422279, 12, 1465, 1466, 596, 1, 5.43%, 246, 96, 25, 1163.93
1697422284, 13, 36, 1466, 595, 0, 5.43%, 247, 96, 25, 1101.03
1697422289, 13, 87, 1466, 595, 0, 5.43%, 247, 96, 25, 1150.46
1697422294, 13, 109, 1466, 595, 0, 5.43%, 247, 96, 25, 1164.99
1697422299, 13, 131, 1466, 593, 0, 5.43%, 247, 96, 25, 1161.28
1697422305, 13, 160, 1466, 593, 0, 5.43%, 247, 96, 25, 1137.81
1697422310, 13, 184, 1467, 592, 0, 5.43%, 247, 96, 25, 1156.59
1697422315, 13, 206, 1467, 592, 0, 5.43%, 247, 96, 25, 1094.29
1697422320, 13, 252, 1467, 591, 0, 5.43%, 247, 96, 25, 1159.38
1697422325, 13, 262, 1467, 590, 0, 5.43%, 247, 96, 25, 1171.68
1697422330, 13, 332, 1468, 588, 1, 5.44%, 247, 96, 25, 1175.25
1697422335, 13, 960, 1468, 587, 1, 5.44%, 247, 96, 25, 162.07
1697422351, 13, 1051, 1468, 587, 1, 5.44%, 247, 96, 25, 936.40
1697422356, 13, 1098, 1469, 588, 1, 5.44%, 247, 96, 25, 1142.80
1697422361, 13, 1233, 1469, 588, 1, 5.44%, 247, 96, 25, 1144.65
1697422366, 13, 1392, 1469, 587, 1, 5.44%, 247, 96, 25, 1109.97
1697422371, 13, 1467, 1469, 586, 1, 5.44%, 247, 96, 25, 1160.01
1697422376, 13, 1468, 1472, 588, 0, 5.44%, 247, 96, 25, 1189.17
1697422386, 13, 1470, 1473, 588, 0, 5.44%, 247, 96, 25, 1141.88
1697422396, 13, 1472, 1474, 588, 0, 5.44%, 247, 96, 25, 1192.08
1697422401, 13, 1472, 1475, 589, 0, 5.44%, 247, 96, 25, 1215.29
1697422407, 13, 1473, 1477, 590, 1, 5.44%, 247, 96, 26, 1195.78
1697422412, 13, 1473, 1478, 591, 1, 5.44%, 247, 96, 26, 1198.23
1697422422, 14, 58, 1478, 589, 0, 5.44%, 247, 96, 26, 1182.40
1697422427, 14, 97, 1478, 589, 0, 5.44%, 247, 96, 26, 1174.91
1697422432, 14, 119, 1478, 588, 0, 5.44%, 247, 96, 26, 1171.65
1697422437, 14, 151, 1478, 588, 0, 5.44%, 247, 96, 26, 1170.76
1697422442, 14, 188, 1480, 590, 0, 5.44%, 247, 96, 26, 1154.56
1697422447, 14, 213, 1480, 589, 0, 5.44%, 247, 96, 26, 1179.83
1697422453, 14, 246, 1480, 587, 0, 5.44%, 247, 96, 26, 1164.15
1697422458, 14, 262, 1480, 587, 0, 5.44%, 247, 96, 26, 1168.25
1697422463, 14, 306, 1480, 586, 0, 5.44%, 247, 96, 26, 1177.93
1697422468, 14, 321, 1481, 586, 0, 5.44%, 247, 96, 26, 1181.56
1697422473, 14, 791, 1481, 586, 1, 5.44%, 247, 96, 26, 1159.60
1697422478, 14, 892, 1481, 585, 1, 5.44%, 247, 96, 26, 1150.17
1697422483, 14, 918, 1481, 585, 1, 5.44%, 247, 96, 26, 1160.04
1697422489, 14, 1281, 1481, 585, 1, 5.44%, 247, 96, 26, 1152.60
1697422494, 14, 1335, 1481, 585, 1, 5.44%, 247, 96, 26, 1111.37
1697422504, 14, 1480, 1481, 584, 2, 5.44%, 248, 96, 26, 1118.50
1697422509, 15, 417, 1481, 581, 1, 5.44%, 248, 96, 26, 1119.39
1697422514, 15, 442, 1482, 581, 1, 5.44%, 248, 96, 26, 1149.06
1697422519, 15, 461, 1482, 578, 0, 5.44%, 248, 96, 26, 1153.43
1697422524, 15, 464, 1482, 578, 0, 5.44%, 248, 96, 26, 1160.78
1697422529, 15, 481, 1483, 577, 0, 5.44%, 248, 96, 26, 1168.05
1697422534, 15, 489, 1483, 576, 0, 5.44%, 248, 96, 26, 1165.04
1697422539, 15, 500, 1483, 576, 0, 5.44%, 248, 96, 26, 1180.35
1697422544, 15, 569, 1484, 574, 1, 5.44%, 248, 96, 26, 1175.09
1697422550, 15, 999, 1484, 574, 1, 5.44%, 248, 96, 26, 1152.83
1697422555, 15, 1058, 1484, 574, 1, 5.44%, 249, 96, 26, 1093.97
1697422560, 15, 1083, 1484, 573, 1, 5.44%, 249, 96, 26, 1166.80
1697422565, 15, 1189, 1484, 572, 1, 5.44%, 249, 96, 26, 1134.15
1697422570, 15, 1314, 1484, 572, 1, 5.44%, 249, 96, 26, 1096.42
1697422575, 15, 1314, 1484, 572, 1, 5.44%, 250, 96, 26, 1129.95
1697422580, 16, 24, 1484, 570, 0, 5.44%, 250, 96, 26, 1187.39
1697422585, 16, 79, 1484, 570, 0, 5.44%, 250, 96, 26, 1062.98
1697422590, 16, 119, 1484, 569, 0, 5.44%, 250, 96, 26, 1151.94
1697422595, 16, 149, 1484, 568, 0, 5.44%, 250, 96, 26, 1167.58
1697422600, 16, 169, 1484, 568, 0, 5.44%, 250, 96, 26, 1003.15
1697422605, 16, 194, 1484, 567, 0, 5.44%, 250, 96, 26, 1062.18
1697422611, 16, 216, 1484, 566, 0, 5.44%, 250, 96, 26, 1162.69
1697422616, 16, 253, 1484, 563, 0, 5.44%, 250, 96, 26, 1178.71
1697422621, 16, 265, 1484, 562, 0, 5.44%, 250, 96, 26, 1173.27
1697422626, 16, 296, 1484, 562, 0, 5.44%, 250, 96, 26, 1159.71
1697422631, 16, 315, 1484, 560, 0, 5.44%, 250, 96, 26, 1161.45
1697422636, 16, 337, 1484, 560, 0, 5.44%, 250, 96, 26, 1163.12
1697422641, 16, 369, 1484, 559, 0, 5.44%, 250, 96, 26, 1158.20
1697422646, 16, 394, 1484, 558, 0, 5.44%, 250, 96, 26, 1177.64
1697422651, 16, 406, 1484, 556, 0, 5.44%, 251, 96, 26, 1172.05
1697422656, 16, 418, 1484, 555, 0, 5.44%, 251, 97, 26, 1136.00
1697422661, 16, 425, 1484, 553, 0, 5.44%, 251, 97, 26, 1149.76
1697422666, 16, 441, 1484, 552, 0, 5.44%, 251, 97, 26, 1150.95
1697422672, 16, 448, 1485, 551, 0, 5.44%, 251, 97, 26, 1164.30
1697422677, 16, 467, 1485, 550, 0, 5.44%, 251, 97, 26, 1147.91
1697422682, 16, 485, 1485, 548, 0, 5.44%, 251, 97, 26, 1161.78
1697422687, 16, 493, 1485, 548, 0, 5.44%, 251, 97, 26, 1178.93
1697422692, 16, 502, 1485, 547, 0, 5.44%, 251, 97, 26, 1178.26
1697422697, 16, 514, 1487, 548, 0, 5.44%, 252, 97, 26, 1182.66
1697422702, 16, 526, 1487, 547, 0, 5.44%, 252, 97, 26, 1152.27
1697422707, 16, 533, 1487, 547, 0, 5.44%, 252, 97, 26, 1193.63
1697422712, 16, 540, 1487, 547, 0, 5.44%, 252, 97, 26, 961.58
1697422717, 16, 553, 1487, 547, 0, 5.44%, 252, 97, 26, 1110.26
1697422723, 16, 557, 1487, 546, 0, 5.44%, 252, 97, 26, 1149.56
1697422728, 16, 567, 1487, 546, 0, 5.44%, 252, 97, 26, 1168.27
1697422733, 16, 580, 1488, 545, 0, 5.44%, 252, 97, 26, 1170.28
1697422738, 16, 585, 1488, 545, 0, 5.44%, 252, 97, 26, 1192.65
1697422743, 16, 591, 1489, 546, 0, 5.44%, 252, 97, 26, 1167.00
1697422748, 16, 598, 1489, 543, 0, 5.44%, 252, 97, 26, 1171.94
1697422753, 16, 608, 1489, 542, 0, 5.44%, 253, 97, 26, 1173.31
1697422758, 16, 614, 1490, 542, 0, 5.44%, 253, 97, 26, 1088.41
1697422763, 16, 617, 1490, 542, 0, 5.44%, 253, 97, 26, 127.23
1697422768, 16, 627, 1490, 542, 0, 5.44%, 253, 97, 26, 1196.43
1697422773, 16, 636, 1490, 541, 0, 5.44%, 253, 97, 26, 1188.67
1697422778, 16, 640, 1491, 541, 0, 5.44%, 253, 97, 26, 1175.18
1697422783, 16, 734, 1491, 541, 1, 5.44%, 253, 97, 26, 1157.39
1697422789, 16, 891, 1491, 540, 1, 5.44%, 253, 97, 26, 86.27
1697422799, 16, 985, 1491, 540, 1, 5.44%, 253, 97, 26, 1031.79
1697422804, 16, 1019, 1491, 540, 1, 5.44%, 253, 98, 26, 120.41
1697422809, 16, 1019, 1492, 541, 1, 5.44%, 253, 98, 26, 867.03
1697422819, 16, 1088, 1492, 541, 1, 5.44%, 253, 98, 26, 1200.00
1697422824, 16, 1294, 1492, 541, 1, 5.44%, 253, 98, 26, 1157.19
1697422830, 16, 1490, 1492, 541, 1, 5.44%, 253, 99, 26, 133.04
1697422835, 16, 1491, 1493, 541, 0, 5.44%, 253, 99, 26, 1136.95
1697422840, 16, 1491, 1494, 542, 0, 5.44%, 253, 99, 26, 1061.43
1697422845, 16, 1491, 1497, 545, 0, 5.44%, 253, 99, 26, 1100.43
1697422850, 16, 1496, 1497, 544, 1, 5.44%, 253, 99, 26, 1176.75
1697422865, 17, 70, 1497, 543, 0, 5.44%, 253, 99, 26, 1172.38
1697422870, 17, 107, 1497, 543, 0, 5.44%, 253, 99, 26, 1146.58
1697422875, 17, 142, 1498, 543, 0, 5.44%, 253, 99, 26, 1175.59
1697422880, 17, 169, 1498, 542, 0, 5.44%, 253, 99, 26, 1162.44
1697422885, 17, 196, 1499, 543, 0, 5.44%, 253, 99, 26, 1171.49
1697422890, 17, 245, 1499, 543, 0, 5.44%, 253, 99, 26, 1172.88
1697422896, 17, 259, 1499, 542, 0, 5.44%, 253, 99, 26, 1145.43
1697422901, 17, 282, 1499, 542, 0, 5.44%, 253, 99, 26, 1180.58
1697422906, 17, 298, 1500, 540, 0, 5.44%, 253, 99, 26, 1154.23
1697422911, 17, 363, 1501, 541, 1, 5.45%, 253, 99, 26, 1172.29
1697422916, 17, 685, 1503, 541, 2, 5.45%, 253, 99, 26, 1192.90
1697422921, 17, 917, 1503, 540, 3, 5.45%, 253, 99, 26, 1126.76
1697422926, 17, 928, 1504, 540, 3, 5.45%, 253, 99, 26, 1094.24
1697422931, 17, 928, 1504, 540, 3, 5.45%, 253, 100, 26, 1119.22
1697422937, 17, 1019, 1504, 539, 3, 5.45%, 253, 100, 26, 146.89
1697422947, 17, 1047, 1504, 539, 3, 5.45%, 253, 100, 26, 1037.38
1697422952, 17, 1188, 1504, 539, 3, 5.45%, 253, 100, 26, 1075.19
1697422957, 17, 1188, 1506, 541, 3, 5.45%, 253, 100, 26, 1078.85
1697422962, 17, 1207, 1506, 540, 3, 5.45%, 253, 100, 26, 1078.10
1697422967, 17, 1207, 1507, 541, 3, 5.45%, 253, 100, 26, 1053.68
1697422977, 17, 1255, 1507, 540, 3, 5.45%, 253, 100, 26, 1100.67
1697422987, 17, 1303, 1508, 540, 3, 5.45%, 253, 100, 26, 1148.23
1697422992, 17, 1303, 1509, 541, 3, 5.45%, 253, 100, 26, 1150.78
1697422998, 17, 1389, 1510, 540, 3, 5.45%, 253, 100, 26, 1121.18
1697423003, 17, 1500, 1510, 539, 3, 5.45%, 253, 100, 26, 1156.85
1697423008, 17, 1501, 1510, 538, 2, 5.45%, 253, 100, 26, 1186.59
1697423013, 17, 1502, 1510, 537, 1, 5.45%, 253, 100, 26, 1184.41
1697423018, 17, 1503, 1510, 536, 0, 5.45%, 253, 100, 26, 1100.69
1697423028, 17, 1505, 1512, 537, 0, 5.45%, 253, 100, 26, 1047.64
1697423033, 17, 1505, 1516, 541, 0, 5.45%, 253, 100, 26, 1081.93
1697423038, 17, 1509, 1516, 540, 0, 5.45%, 253, 100, 26, 1152.44
1697423043, 17, 1511, 1517, 540, 0, 5.45%, 253, 100, 26, 1133.92
1697423058, 18, 44, 1517, 539, 0, 5.45%, 253, 100, 26, 1170.45
1697423063, 18, 100, 1517, 539, 0, 5.45%, 253, 100, 26, 1173.21
1697423068, 18, 142, 1517, 539, 0, 5.45%, 253, 100, 26, 1174.40
1697423074, 18, 176, 1517, 539, 0, 5.45%, 253, 100, 26, 1164.61
1697423079, 18, 196, 1517, 539, 0, 5.45%, 253, 100, 26, 1164.13
1697423084, 18, 221, 1518, 539, 0, 5.45%, 253, 100, 26, 1154.78
1697423089, 18, 243, 1519, 538, 0, 5.45%, 253, 100, 26, 1141.51
1697423094, 18, 265, 1519, 537, 0, 5.45%, 253, 100, 26, 1169.09
1697423099, 18, 282, 1520, 536, 0, 5.45%, 253, 100, 26, 1161.30
1697423104, 18, 310, 1520, 535, 0, 5.45%, 253, 100, 26, 1135.78
1697423109, 18, 324, 1520, 535, 0, 5.45%, 253, 100, 26, 1115.33
1697423114, 18, 345, 1520, 534, 0, 5.45%, 253, 100, 26, 1107.63
1697423119, 18, 370, 1520, 532, 0, 5.45%, 253, 100, 26, 1097.97
1697423124, 18, 394, 1520, 531, 0, 5.45%, 253, 100, 26, 1177.04
1697423129, 18, 408, 1522, 532, 0, 5.45%, 253, 100, 26, 1183.38
1697423134, 18, 419, 1522, 531, 0, 5.45%, 254, 100, 26, 1178.32
1697423139, 18, 434, 1522, 531, 0, 5.45%, 254, 100, 26, 1165.23
1697423144, 18, 442, 1522, 529, 0, 5.45%, 254, 100, 26, 1169.27
1697423150, 18, 466, 1522, 528, 0, 5.45%, 254, 100, 26, 1159.69
1697423155, 18, 474, 1522, 526, 0, 5.45%, 254, 100, 26, 1168.96
1697423160, 18, 482, 1522, 524, 0, 5.45%, 254, 100, 26, 1160.95
1697423165, 18, 486, 1523, 524, 0, 5.45%, 254, 100, 26, 1146.41
1697423170, 18, 490, 1523, 523, 0, 5.45%, 254, 100, 26, 1167.48
1697423175, 18, 501, 1523, 523, 0, 5.45%, 254, 100, 26, 1181.53
1697423180, 18, 514, 1523, 522, 0, 5.45%, 254, 100, 26, 1190.34
1697423185, 18, 526, 1523, 521, 0, 5.45%, 254, 100, 26, 1193.28
1697423190, 18, 534, 1523, 521, 0, 5.45%, 254, 100, 26, 1195.18
1697423195, 18, 542, 1523, 521, 0, 5.45%, 254, 100, 26, 1216.97
1697423200, 18, 572, 1524, 521, 1, 5.45%, 254, 100, 26, 1174.53
1697423205, 18, 835, 1524, 520, 1, 5.45%, 254, 100, 26, 1149.93
1697423210, 18, 976, 1524, 518, 1, 5.45%, 254, 100, 26, 1167.78
1697423215, 18, 998, 1524, 518, 1, 5.45%, 254, 100, 26, 997.81
1697423221, 18, 1033, 1524, 517, 1, 5.45%, 254, 100, 26, 1134.61
1697423226, 18, 1332, 1525, 517, 1, 5.45%, 254, 100, 26, 940.03
1697423236, 18, 1516, 1526, 517, 1, 5.45%, 254, 100, 26, 987.39
1697423241, 18, 1516, 1527, 518, 1, 5.45%, 254, 100, 26, 1041.84
1697423246, 18, 1523, 1527, 517, 1, 5.45%, 254, 100, 26, 1101.39
1697423256, 18, 1525, 1527, 516, 0, 5.45%, 254, 101, 26, 73.84
1697423267, 19, 28, 1527, 515, 0, 5.45%, 254, 101, 26, 1143.12
1697423272, 19, 83, 1528, 515, 0, 5.45%, 254, 101, 26, 1160.87
1697423277, 19, 122, 1528, 514, 0, 5.45%, 254, 101, 26, 1170.04
1697423282, 19, 149, 1529, 515, 0, 5.45%, 254, 101, 26, 1166.05
1697423287, 19, 169, 1529, 514, 0, 5.45%, 254, 101, 26, 1161.99
1697423292, 19, 196, 1529, 514, 0, 5.45%, 255, 101, 26, 1156.92
1697423297, 19, 241, 1529, 513, 0, 5.45%, 255, 101, 26, 1162.17
1697423302, 19, 260, 1529, 513, 0, 5.45%, 255, 101, 26, 1173.11
1697423307, 19, 282, 1529, 512, 0, 5.45%, 255, 101, 26, 1194.39
1697423312, 19, 315, 1529, 511, 0, 5.45%, 256, 101, 26, 1171.59
1697423317, 19, 338, 1529, 510, 0, 5.45%, 256, 101, 26, 1171.96
1697423322, 19, 369, 1529, 510, 0, 5.45%, 256, 101, 26, 1174.84
1697423328, 19, 388, 1529, 509, 0, 5.45%, 256, 102, 26, 114.16
1697423333, 19, 406, 1529, 508, 0, 5.45%, 256, 102, 26, 1174.19
1697423338, 19, 472, 1530, 509, 1, 5.45%, 256, 102, 26, 1172.19
1697423343, 19, 832, 1530, 506, 1, 5.45%, 256, 102, 26, 1190.45
1697423348, 19, 978, 1530, 505, 1, 5.45%, 256, 102, 26, 1161.65
1697423353, 19, 984, 1531, 505, 1, 5.45%, 256, 103, 26, 1106.00
1697423358, 19, 984, 1532, 506, 1, 5.46%, 256, 103, 26, 1154.49
1697423363, 19, 1309, 1532, 505, 2, 5.46%, 256, 103, 26, 1167.05
1697423368, 19, 1325, 1532, 505, 2, 5.46%, 256, 103, 26, 1129.68
1697423373, 19, 1325, 1533, 506, 2, 5.46%, 256, 103, 26, 1110.03
1697423383, 19, 1509, 1533, 505, 2, 5.46%, 256, 103, 26, 1199.90
1697423389, 19, 1529, 1535, 507, 2, 5.46%, 256, 105, 26, 1044.78
1697423399, 19, 1531, 1536, 507, 2, 5.46%, 257, 105, 26, 1111.72
1697423404, 19, 1531, 1538, 509, 2, 5.46%, 257, 105, 26, 1093.43
1697423414, 19, 1536, 1538, 507, 1, 5.46%, 257, 105, 26, 1091.29
1697423419, 19, 1536, 1539, 508, 1, 5.46%, 258, 105, 26, 1040.88
1697423429, 19, 1538, 1539, 507, 1, 5.46%, 258, 105, 26, 1102.66
1697423434, 19, 1538, 1540, 508, 1, 5.46%, 259, 105, 26, 1107.03
1697423439, 19, 1538, 1541, 509, 1, 5.46%, 259, 105, 26, 1161.88
1697423444, 19, 1539, 1541, 508, 1, 5.46%, 259, 105, 26, 1138.21
1697423450, 19, 1539, 1541, 508, 1, 5.46%, 260, 105, 26, 1146.49
1697423455, 19, 1540, 1541, 507, 0, 5.46%, 260, 105, 26, 1145.65
1697423470, 20, 68, 1541, 505, 0, 5.46%, 260, 105, 26, 1146.80
1697423475, 20, 107, 1541, 505, 0, 5.46%, 260, 105, 26, 1134.58
1697423480, 20, 151, 1541, 505, 0, 5.46%, 260, 105, 26, 1162.11
1697423486, 20, 190, 1542, 506, 0, 5.46%, 260, 105, 26, 1173.25
1697423491, 20, 216, 1542, 505, 0, 5.46%, 260, 105, 26, 1176.88
1697423496, 20, 259, 1542, 504, 0, 5.46%, 260, 105, 26, 1172.99
1697423501, 20, 275, 1542, 504, 0, 5.46%, 260, 105, 26, 1175.42
1697423506, 20, 315, 1542, 502, 0, 5.46%, 260, 105, 26, 1177.81
1697423511, 20, 330, 1542, 502, 0, 5.46%, 260, 105, 26, 1177.70
1697423516, 20, 354, 1542, 500, 0, 5.46%, 261, 105, 26, 1171.62
1697423521, 20, 379, 1543, 500, 0, 5.46%, 261, 105, 26, 1173.02
1697423526, 20, 393, 1544, 500, 0, 5.46%, 261, 106, 26, 1166.44
1697423531, 20, 420, 1544, 500, 0, 5.46%, 261, 106, 26, 1194.93
1697423536, 20, 432, 1544, 499, 0, 5.46%, 261, 106, 26, 1179.52
1697423541, 20, 448, 1544, 497, 0, 5.46%, 261, 106, 26, 1179.88
1697423546, 20, 599, 1545, 496, 1, 5.46%, 261, 106, 26, 1191.03
1697423551, 20, 751, 1545, 494, 1, 5.46%, 261, 106, 26, 1191.20
1697423556, 20, 831, 1545, 494, 1, 5.46%, 261, 106, 26, 210.16
1697423561, 20, 911, 1545, 493, 1, 5.46%, 261, 106, 26, 338.85
1697423567, 20, 959, 1545, 492, 1, 5.46%, 261, 106, 26, 158.67
1697423582, 20, 1104, 1545, 492, 1, 5.46%, 261, 106, 26, 1195.28
1697423587, 20, 1117, 1545, 491, 1, 5.46%, 261, 106, 26, 1209.85
1697423592, 20, 1544, 1545, 490, 1, 5.46%, 261, 106, 26, 1188.88
1697423597, 21, 66, 1545, 489, 0, 5.46%, 261, 106, 26, 1174.77
1697423602, 21, 123, 1545, 489, 0, 5.46%, 261, 106, 26, 1176.82
1697423608, 21, 157, 1546, 490, 0, 5.46%, 261, 106, 26, 1157.55
1697423613, 21, 187, 1546, 490, 0, 5.46%, 261, 106, 26, 1160.53
1697423618, 21, 213, 1546, 490, 0, 5.46%, 261, 106, 26, 1172.70
1697423623, 21, 253, 1546, 490, 0, 5.46%, 261, 106, 26, 1118.57
1697423628, 21, 262, 1546, 490, 0, 5.46%, 261, 106, 26, 901.85
1697423633, 21, 285, 1547, 491, 0, 5.46%, 261, 106, 26, 859.61
1697423638, 21, 307, 1547, 490, 0, 5.46%, 261, 106, 26, 973.54
1697423643, 21, 323, 1547, 490, 0, 5.46%, 261, 106, 26, 1133.62
1697423649, 21, 355, 1547, 490, 0, 5.46%, 261, 106, 26, 1156.04
1697423654, 21, 377, 1547, 488, 0, 5.46%, 261, 106, 26, 1136.25
1697423659, 21, 399, 1547, 488, 0, 5.46%, 261, 106, 26, 1167.08
1697423664, 21, 419, 1547, 488, 0, 5.46%, 261, 106, 26, 1187.16
1697423669, 21, 428, 1547, 487, 0, 5.46%, 261, 106, 26, 1165.11
1697423674, 21, 448, 1547, 485, 0, 5.46%, 261, 106, 26, 1178.19
1697423679, 21, 473, 1547, 485, 0, 5.46%, 261, 106, 26, 1025.47
1697423685, 21, 485, 1547, 485, 0, 5.46%, 261, 106, 26, 1115.21
1697423690, 21, 492, 1547, 485, 0, 5.46%, 261, 106, 26, 1158.47
1697423695, 21, 522, 1548, 486, 1, 5.47%, 261, 106, 26, 1142.39
1697423700, 21, 704, 1548, 485, 1, 5.47%, 261, 106, 26, 1127.07
1697423705, 21, 916, 1548, 484, 1, 5.47%, 261, 106, 26, 1079.68
1697423715, 21, 1370, 1549, 484, 1, 5.47%, 261, 106, 26, 1083.71
1697423720, 21, 1461, 1549, 483, 2, 5.47%, 261, 107, 26, 1090.00
1697423731, 21, 1547, 1551, 484, 2, 5.47%, 261, 107, 26, 1199.56
1697423736, 21, 1547, 1552, 485, 2, 5.47%, 261, 108, 26, 1222.86
1697423741, 21, 1548, 1552, 484, 4, 5.47%, 261, 108, 26, 1051.80
1697423747, 21, 1549, 1552, 483, 3, 5.47%, 261, 109, 26, 92.11
1697423752, 21, 1549, 1553, 484, 3, 5.48%, 261, 110, 26, 578.96
1697423757, 21, 1551, 1554, 483, 2, 5.48%, 261, 110, 26, 1052.37
1697423762, 21, 1551, 1555, 484, 2, 5.48%, 261, 110, 26, 1180.33
1697423767, 21, 1552, 1555, 483, 3, 5.48%, 261, 110, 26, 85.84
1697423772, 21, 1553, 1555, 482, 2, 5.48%, 261, 111, 26, 960.84
1697423778, 21, 1554, 1555, 481, 1, 5.48%, 261, 111, 26, 1152.63
1697423783, 22, 85, 1555, 480, 0, 5.48%, 261, 111, 26, 1167.50
1697423788, 22, 123, 1555, 480, 0, 5.48%, 261, 111, 26, 1154.85
1697423793, 22, 157, 1555, 480, 0, 5.48%, 261, 111, 26, 1168.05
1697423798, 22, 190, 1555, 480, 0, 5.48%, 261, 111, 26, 1172.18
1697423803, 22, 212, 1555, 479, 0, 5.48%, 261, 111, 26, 1171.60
1697423808, 22, 246, 1555, 479, 0, 5.48%, 261, 111, 26, 1172.63
1697423813, 22, 266, 1555, 479, 0, 5.48%, 261, 111, 26, 1182.61
1697423818, 22, 298, 1555, 478, 0, 5.48%, 261, 111, 26, 1181.73
1697423823, 22, 317, 1555, 478, 0, 5.48%, 261, 111, 26, 1186.15
1697423828, 22, 338, 1555, 478, 0, 5.48%, 261, 112, 26, 1162.90
1697423833, 22, 371, 1556, 478, 1, 5.48%, 261, 112, 26, 1160.02
1697423838, 22, 630, 1556, 477, 1, 5.48%, 261, 112, 26, 1112.14
1697423844, 22, 786, 1556, 477, 1, 5.48%, 261, 112, 26, 1151.65
1697423849, 22, 904, 1556, 476, 1, 5.48%, 261, 112, 26, 1101.24
1697423854, 22, 1075, 1556, 475, 1, 5.48%, 261, 112, 26, 1171.30
1697423859, 22, 1084, 1556, 475, 1, 5.48%, 261, 113, 26, 1179.53
1697423864, 22, 1551, 1556, 475, 1, 5.48%, 261, 113, 26, 1203.61
1697423869, 22, 1555, 1557, 476, 1, 5.48%, 261, 113, 26, 1154.70
1697423879, 23, 80, 1557, 475, 0, 5.48%, 261, 113, 26, 1167.85
1697423884, 23, 126, 1557, 475, 0, 5.48%, 261, 113, 26, 1173.83
1697423889, 23, 157, 1557, 475, 0, 5.48%, 261, 113, 26, 1159.42
1697423894, 23, 179, 1557, 475, 0, 5.48%, 261, 113, 26, 1155.35
1697423900, 23, 213, 1557, 475, 0, 5.48%, 261, 113, 26, 1159.27
1697423905, 23, 246, 1557, 474, 0, 5.48%, 261, 113, 26, 1172.24
1697423910, 23, 268, 1557, 474, 0, 5.48%, 261, 113, 26, 1187.01
1697423915, 23, 306, 1557, 474, 0, 5.48%, 261, 113, 26, 1174.35
1697423920, 23, 323, 1557, 474, 0, 5.48%, 261, 113, 26, 1184.99
1697423925, 23, 345, 1557, 473, 0, 5.48%, 261, 113, 26, 1177.94
1697423930, 23, 364, 1557, 472, 0, 5.48%, 262, 113, 26, 1176.06
1697423936, 23, 392, 1557, 472, 0, 5.48%, 262, 113, 26, 1175.03
1697423941, 23, 419, 1557, 472, 0, 5.48%, 262, 113, 26, 1173.26
1697423946, 23, 440, 1558, 473, 0, 5.48%, 262, 113, 26, 1152.45
1697423951, 23, 461, 1558, 471, 0, 5.48%, 262, 113, 26, 1176.35
1697423956, 23, 475, 1558, 471, 0, 5.48%, 263, 113, 26, 1171.26
1697423961, 23, 487, 1558, 471, 0, 5.48%, 263, 113, 26, 1172.07
1697423966, 23, 499, 1558, 471, 0, 5.48%, 263, 113, 26, 1181.16
1697423971, 23, 511, 1558, 471, 0, 5.48%, 263, 113, 26, 1164.77
1697423977, 23, 525, 1558, 470, 0, 5.48%, 263, 113, 26, 1185.53
1697423982, 23, 532, 1558, 470, 0, 5.48%, 263, 113, 26, 1184.70
1697423987, 23, 540, 1558, 470, 0, 5.48%, 263, 113, 26, 1196.64
1697423992, 23, 547, 1558, 469, 0, 5.48%, 263, 113, 26, 1165.36
1697423997, 23, 558, 1558, 467, 0, 5.48%, 263, 113, 26, 1173.21
1697424002, 23, 565, 1558, 466, 0, 5.48%, 263, 113, 26, 1143.77
1697424007, 23, 580, 1558, 466, 0, 5.48%, 263, 113, 26, 1116.24
1697424012, 23, 732, 1560, 468, 2, 5.49%, 263, 113, 26, 1103.14
1697424017, 23, 755, 1560, 467, 2, 5.49%, 263, 113, 26, 1119.97
1697424022, 23, 821, 1560, 466, 2, 5.49%, 264, 113, 26, 1125.28
1697424027, 23, 915, 1560, 465, 2, 5.49%, 264, 113, 26, 1052.04
1697424032, 23, 1094, 1560, 464, 2, 5.49%, 264, 113, 26, 1146.68
1697424042, 23, 1234, 1560, 463, 2, 5.49%, 264, 113, 26, 1106.63
1697424052, 23, 1347, 1560, 462, 2, 5.49%, 264, 113, 26, 1134.77
1697424057, 23, 1347, 1562, 464, 2, 5.49%, 264, 113, 26, 1135.12
1697424063, 23, 1347, 1565, 467, 2, 5.49%, 264, 113, 26, 1132.11
1697424068, 23, 1558, 1565, 466, 2, 5.49%, 264, 113, 26, 1182.09
1697424073, 23, 1558, 1570, 471, 2, 5.52%, 264, 113, 26, 1178.53
1697424078, 23, 1559, 1570, 470, 6, 5.52%, 264, 113, 26, 1178.44
1697424083, 23, 1559, 1571, 471, 6, 5.53%, 264, 113, 26, 1166.88
1697424088, 23, 1564, 1571, 470, 6, 5.53%, 265, 114, 26, 149.87
1697424098, 23, 1565, 1582, 480, 6, 5.54%, 265, 114, 26, 1163.84
1697424108, 23, 1567, 1583, 480, 9, 5.55%, 265, 114, 26, 1177.86
1697424113, 23, 1568, 1583, 479, 9, 5.55%, 265, 114, 26, 1191.72
1697424119, 23, 1568, 1585, 481, 9, 5.56%, 265, 114, 26, 1150.95
1697424124, 23, 1569, 1585, 480, 10, 5.56%, 265, 114, 26, 1151.86
1697424129, 23, 1569, 1586, 481, 10, 5.56%, 265, 114, 26, 1188.47
1697424134, 23, 1570, 1589, 483, 9, 5.57%, 265, 114, 26, 1177.00
1697424144, 23, 1574, 1589, 482, 11, 5.57%, 265, 114, 26, 1197.39
1697424149, 23, 1575, 1589, 481, 10, 5.57%, 265, 114, 26, 1185.95
1697424159, 23, 1580, 1589, 480, 9, 5.57%, 265, 114, 26, 1185.23
1697424164, 23, 1581, 1589, 479, 8, 5.57%, 265, 114, 26, 1168.72
1697424174, 23, 1582, 1591, 480, 7, 5.57%, 265, 114, 26, 1136.19
1697424184, 23, 1583, 1591, 479, 8, 5.57%, 265, 114, 26, 1155.01
1697424189, 23, 1584, 1591, 478, 7, 5.57%, 265, 114, 26, 1175.05
1697424199, 23, 1585, 1591, 477, 6, 5.57%, 265, 114, 26, 1108.12
1697424210, 23, 1586, 1591, 476, 5, 5.57%, 265, 114, 26, 1156.98
1697424215, 23, 1587, 1591, 475, 4, 5.57%, 265, 114, 26, 1152.94
1697424225, 23, 1588, 1591, 474, 3, 5.57%, 265, 114, 26, 1170.31
1697424230, 23, 1589, 1591, 473, 2, 5.57%, 265, 114, 26, 1170.18
1697424235, 23, 1590, 1591, 472, 1, 5.57%, 265, 114, 26, 1159.13
1697424245, 24, 58, 1591, 471, 0, 5.57%, 265, 114, 26, 1165.89
1697424250, 24, 94, 1591, 471, 0, 5.57%, 265, 114, 26, 1159.32
1697424256, 24, 106, 1591, 471, 0, 5.57%, 265, 114, 26, 929.22
1697424261, 24, 151, 1591, 471, 0, 5.57%, 265, 114, 26, 1106.79
1697424266, 24, 188, 1592, 472, 0, 5.57%, 266, 114, 26, 1152.13
1697424271, 24, 213, 1593, 473, 0, 5.57%, 267, 114, 26, 1166.72
1697424276, 24, 256, 1594, 474, 0, 5.57%, 267, 114, 26, 1170.18
1697424281, 24, 274, 1594, 474, 0, 5.57%, 267, 114, 26, 1155.43
1697424286, 24, 309, 1594, 473, 0, 5.57%, 267, 114, 26, 1171.95
1697424291, 24, 323, 1594, 472, 0, 5.57%, 267, 114, 26, 1178.40
1697424296, 24, 348, 1594, 472, 0, 5.57%, 267, 114, 26, 1176.56
1697424302, 24, 365, 1595, 471, 0, 5.57%, 267, 114, 26, 1142.14
1697424307, 24, 384, 1595, 471, 0, 5.57%, 267, 114, 26, 1128.19
1697424312, 24, 406, 1595, 470, 0, 5.57%, 267, 114, 26, 1131.97
1697424317, 24, 421, 1595, 469, 0, 5.57%, 267, 114, 26, 1069.21
1697424322, 24, 461, 1595, 469, 0, 5.57%, 267, 114, 26, 1175.45
1697424327, 24, 475, 1595, 469, 0, 5.57%, 267, 114, 26, 1191.40
1697424332, 24, 743, 1596, 470, 1, 5.57%, 267, 114, 26, 1179.38
1697424337, 24, 873, 1596, 470, 1, 5.57%, 267, 114, 26, 1112.82
1697424343, 24, 1170, 1596, 468, 1, 5.57%, 267, 114, 26, 1155.83
1697424348, 24, 1320, 1599, 471, 1, 5.57%, 267, 114, 26, 1181.03
1697424353, 24, 1320, 1600, 472, 1, 5.57%, 267, 114, 26, 1195.99
1697424358, 24, 1366, 1600, 471, 1, 5.57%, 267, 114, 26, 1156.71
1697424368, 24, 1391, 1600, 470, 1, 5.57%, 267, 114, 26, 1112.90
1697424373, 24, 1405, 1600, 469, 1, 5.57%, 267, 114, 26, 1093.45
1697424388, 24, 1412, 1600, 468, 1, 5.57%, 267, 114, 26, 1124.07
1697424398, 24, 1465, 1600, 468, 1, 5.57%, 267, 114, 26, 1152.55
1697424404, 24, 1582, 1600, 468, 1, 5.57%, 267, 114, 26, 1150.87
1697424414, 24, 1595, 1600, 468, 1, 5.57%, 267, 114, 26, 1149.06
1697424419, 24, 1596, 1600, 467, 0, 5.57%, 267, 114, 26, 1131.79
1697424429, 24, 1597, 1600, 466, 0, 5.57%, 267, 114, 26, 1173.54
1697424434, 24, 1597, 1601, 467, 0, 5.57%, 267, 114, 27, 1182.01
1697424439, 24, 1600, 1602, 467, 1, 5.57%, 267, 114, 28, 1133.86
1697424454, 24, 1601, 1603, 467, 0, 5.57%, 267, 114, 29, 1132.14
1697424459, 24, 1601, 1603, 467, 0, 5.57%, 267, 115, 29, 1126.86
1697424470, 25, 70, 1603, 466, 0, 5.57%, 267, 115, 29, 1177.34
1697424475, 25, 105, 1603, 466, 0, 5.57%, 267, 115, 29, 1156.54
1697424480, 25, 137, 1603, 466, 0, 5.57%, 267, 115, 29, 1160.39
1697424485, 25, 179, 1603, 465, 0, 5.57%, 267, 115, 29, 1137.66
1697424490, 25, 199, 1603, 465, 0, 5.57%, 267, 115, 29, 1124.88
1697424495, 25, 246, 1603, 465, 0, 5.57%, 267, 115, 29, 1148.49
1697424500, 25, 262, 1603, 465, 0, 5.57%, 267, 115, 29, 1159.64
1697424506, 25, 303, 1603, 465, 0, 5.57%, 267, 115, 29, 1172.52
1697424511, 25, 323, 1603, 465, 0, 5.57%, 267, 115, 29, 1159.04
1697424516, 25, 344, 1606, 467, 0, 5.57%, 267, 115, 29, 1151.90
1697424522, 25, 364, 1608, 469, 0, 5.57%, 267, 116, 29, 191.45
1697424527, 25, 388, 1608, 468, 0, 5.57%, 269, 116, 29, 1176.93
1697424532, 25, 406, 1608, 468, 0, 5.57%, 269, 116, 29, 1191.05
1697424537, 25, 425, 1608, 468, 0, 5.57%, 269, 116, 29, 1198.68
1697424542, 25, 442, 1608, 467, 0, 5.57%, 269, 116, 29, 1158.25
1697424547, 25, 463, 1608, 467, 0, 5.57%, 269, 116, 29, 1162.39
1697424552, 25, 485, 1609, 468, 0, 5.57%, 269, 116, 29, 1171.15
1697424557, 25, 492, 1609, 468, 0, 5.57%, 269, 116, 29, 1178.15
1697424563, 25, 503, 1609, 468, 0, 5.57%, 269, 116, 29, 1187.73
1697424568, 25, 518, 1609, 466, 0, 5.57%, 269, 116, 29, 1192.51
1697424573, 25, 529, 1610, 467, 0, 5.57%, 269, 116, 29, 1187.42
1697424578, 25, 538, 1610, 467, 0, 5.57%, 269, 116, 29, 1203.46
1697424583, 25, 552, 1610, 467, 0, 5.57%, 269, 116, 29, 1199.99
1697424588, 25, 561, 1610, 467, 0, 5.57%, 269, 116, 29, 1176.14
1697424593, 25, 564, 1610, 466, 0, 5.57%, 269, 116, 29, 1049.13
1697424598, 25, 572, 1610, 465, 0, 5.57%, 269, 116, 29, 1154.40
1697424603, 25, 695, 1611, 466, 1, 5.58%, 269, 116, 29, 1144.79
1697424609, 25, 891, 1611, 465, 1, 5.58%, 269, 116, 29, 1109.84
1697424619, 25, 909, 1611, 465, 1, 5.58%, 269, 116, 29, 454.33
1697424624, 25, 997, 1611, 464, 1, 5.58%, 269, 116, 29, 718.69
1697424640, 25, 1061, 1611, 464, 1, 5.58%, 269, 116, 29, 1250.00
1697424645, 25, 1081, 1611, 463, 1, 5.58%, 269, 116, 29, 1144.53
1697424650, 25, 1092, 1611, 463, 1, 5.58%, 269, 116, 29, 1195.84
1697424655, 25, 1216, 1611, 463, 1, 5.58%, 269, 116, 29, 1186.06
1697424670, 25, 1369, 1611, 462, 1, 5.58%, 269, 116, 29, 1160.41
1697424675, 25, 1409, 1612, 462, 1, 5.58%, 269, 116, 29, 1151.97
1697424680, 25, 1409, 1613, 463, 1, 5.58%, 269, 116, 29, 1121.97
1697424685, 25, 1610, 1614, 463, 1, 5.58%, 269, 116, 29, 1145.76
1697424690, 25, 1611, 1614, 462, 0, 5.58%, 269, 116, 29, 1143.24
1697424696, 26, 45, 1614, 461, 0, 5.58%, 269, 116, 29, 1175.10
1697424701, 26, 105, 1614, 461, 0, 5.58%, 269, 116, 29, 1171.10
1697424706, 26, 157, 1614, 461, 0, 5.58%, 269, 116, 29, 1178.26
1697424711, 26, 189, 1614, 461, 0, 5.58%, 269, 116, 29, 1163.18
1697424716, 26, 377, 1615, 462, 1, 5.66%, 269, 116, 29, 1136.45
1697424721, 26, 770, 1616, 461, 2, 5.66%, 269, 116, 29, 1167.77
1697424726, 26, 1120, 1616, 460, 2, 5.66%, 269, 116, 29, 1188.64
1697424731, 26, 1196, 1616, 459, 2, 5.66%, 269, 116, 29, 1118.45
1697424746, 26, 1417, 1616, 458, 2, 5.66%, 269, 116, 29, 1117.22
1697424756, 26, 1614, 1616, 457, 2, 5.66%, 269, 116, 29, 1133.86
1697424761, 27, 2, 1616, 455, 0, 5.66%, 269, 116, 29, 1169.62
1697424766, 27, 77, 1616, 455, 0, 5.66%, 269, 116, 29, 1158.28
1697424771, 27, 124, 1616, 455, 0, 5.66%, 270, 116, 29, 1172.16
1697424777, 27, 179, 1616, 455, 0, 5.66%, 270, 116, 29, 1181.32
1697424782, 27, 201, 1616, 455, 0, 5.66%, 271, 116, 29, 1156.76
1697424787, 27, 246, 1616, 455, 0, 5.66%, 271, 116, 29, 1166.76
1697424792, 27, 262, 1616, 455, 0, 5.66%, 271, 116, 29, 1169.91
1697424797, 27, 288, 1616, 455, 0, 5.66%, 271, 116, 29, 1160.20
1697424802, 27, 321, 1616, 454, 0, 5.66%, 271, 116, 29, 1170.24
1697424807, 27, 340, 1616, 454, 0, 5.66%, 271, 116, 29, 1174.54
1697424812, 27, 768, 1617, 455, 1, 5.66%, 271, 116, 29, 1179.51
1697424817, 27, 813, 1617, 453, 1, 5.66%, 271, 116, 29, 1097.24
1697424827, 27, 815, 1617, 453, 1, 5.66%, 271, 116, 29, 75.04
1697424833, 27, 1152, 1617, 453, 1, 5.66%, 271, 116, 29, 1125.17
1697424838, 27, 1449, 1618, 454, 1, 5.66%, 271, 116, 29, 1087.97
1697424843, 27, 1449, 1619, 455, 1, 5.66%, 271, 116, 29, 1068.38
1697424848, 27, 1449, 1620, 456, 1, 5.66%, 271, 116, 29, 1163.67
1697424853, 27, 1518, 1620, 455, 2, 5.66%, 271, 116, 29, 1080.01
1697424863, 27, 1544, 1620, 454, 2, 5.66%, 271, 116, 29, 1137.61
1697424868, 27, 1594, 1621, 455, 2, 5.66%, 271, 116, 29, 1137.12
1697424873, 27, 1616, 1621, 454, 2, 5.66%, 271, 116, 29, 1173.59
1697424879, 27, 1619, 1624, 456, 2, 5.68%, 271, 116, 29, 1172.35
1697424889, 27, 1621, 1624, 455, 2, 5.68%, 271, 116, 29, 1206.94
1697424894, 27, 1623, 1624, 454, 1, 5.68%, 271, 116, 29, 1183.60
1697424904, 28, 70, 1624, 453, 0, 5.68%, 271, 116, 29, 1142.28
1697424909, 28, 118, 1624, 453, 0, 5.68%, 271, 116, 29, 1142.27
1697424914, 28, 151, 1624, 453, 0, 5.68%, 271, 116, 29, 1134.39
1697424919, 28, 188, 1624, 453, 0, 5.68%, 271, 116, 29, 1117.41
1697424925, 28, 199, 1624, 453, 0, 5.68%, 271, 116, 29, 1155.75
1697424930, 28, 253, 1624, 453, 0, 5.68%, 271, 116, 29, 1184.13
1697424935, 28, 271, 1624, 453, 0, 5.68%, 271, 116, 29, 1178.70
1697424940, 28, 314, 1624, 453, 0, 5.68%, 271, 116, 29, 1171.07
1697424945, 28, 336, 1624, 453, 0, 5.68%, 271, 116, 29, 1181.81
1697424950, 28, 362, 1624, 453, 0, 5.68%, 271, 116, 29, 1176.98
1697424955, 28, 388, 1625, 454, 0, 5.68%, 271, 116, 29, 1177.01
1697424960, 28, 408, 1625, 454, 0, 5.68%, 271, 116, 29, 1181.05
1697424965, 28, 446, 1625, 454, 0, 5.68%, 272, 116, 29, 1179.23
1697424971, 28, 467, 1625, 454, 0, 5.68%, 272, 116, 29, 1176.42
1697424976, 28, 486, 1625, 454, 0, 5.68%, 272, 116, 29, 1161.42
1697424981, 28, 493, 1625, 453, 0, 5.68%, 272, 116, 29, 1179.04
1697424986, 28, 504, 1625, 453, 0, 5.68%, 272, 116, 29, 1190.41
1697424991, 28, 515, 1625, 453, 0, 5.68%, 272, 116, 29, 1167.17
1697424996, 28, 525, 1625, 452, 0, 5.68%, 273, 117, 29, 88.02
1697425001, 28, 532, 1625, 452, 0, 5.68%, 273, 117, 29, 1203.33
1697425006, 28, 540, 1625, 452, 0, 5.68%, 273, 117, 29, 1210.03
1697425011, 28, 552, 1625, 451, 0, 5.68%, 273, 117, 29, 1183.18
1697425017, 28, 779, 1626, 452, 1, 5.68%, 273, 117, 29, 104.94
1697425022, 28, 803, 1626, 452, 1, 5.68%, 273, 117, 29, 91.16
1697425027, 28, 1340, 1626, 452, 1, 5.68%, 273, 117, 29, 1148.19
1697425037, 28, 1387, 1626, 451, 1, 5.68%, 273, 117, 29, 1110.22
1697425042, 28, 1410, 1626, 450, 1, 5.68%, 273, 117, 29, 1112.18
1697425052, 28, 1461, 1626, 449, 1, 5.68%, 273, 117, 29, 1116.54
1697425057, 28, 1461, 1627, 450, 1, 5.68%, 273, 117, 29, 1096.59
1697425068, 28, 1465, 1627, 450, 1, 5.68%, 273, 117, 29, 1174.90
1697425073, 28, 1625, 1627, 450, 1, 5.68%, 273, 117, 29, 1200.15
1697425078, 29, 77, 1627, 449, 0, 5.68%, 273, 117, 29, 1188.96
1697425083, 29, 151, 1627, 449, 0, 5.68%, 273, 117, 29, 1171.67
1697425088, 29, 190, 1628, 450, 0, 5.68%, 273, 117, 29, 1164.27
1697425093, 29, 220, 1628, 450, 0, 5.68%, 273, 117, 29, 1160.53
1697425098, 29, 253, 1629, 451, 0, 5.68%, 273, 117, 29, 1158.70
1697425104, 29, 267, 1629, 451, 0, 5.68%, 274, 117, 29, 1178.91
1697425109, 29, 297, 1629, 451, 0, 5.68%, 274, 117, 29, 1160.96
1697425114, 29, 316, 1629, 451, 0, 5.68%, 274, 117, 29, 1167.30
1697425119, 29, 338, 1629, 451, 0, 5.68%, 274, 117, 29, 1179.41
1697425124, 29, 369, 1629, 451, 0, 5.68%, 274, 117, 29, 1173.66
1697425129, 29, 389, 1629, 451, 0, 5.68%, 274, 117, 29, 1147.25
1697425134, 29, 408, 1629, 451, 0, 5.68%, 274, 117, 29, 1164.41
1697425139, 29, 440, 1629, 450, 0, 5.68%, 274, 117, 29, 1207.45
1697425145, 29, 462, 1629, 450, 0, 5.68%, 274, 117, 29, 1175.14
1697425150, 29, 484, 1629, 450, 0, 5.68%, 274, 117, 29, 1166.41
1697425155, 29, 489, 1629, 449, 0, 5.68%, 274, 117, 29, 1173.42
1697425160, 29, 499, 1629, 449, 0, 5.68%, 274, 117, 29, 1181.97
1697425165, 29, 509, 1629, 449, 0, 5.68%, 274, 117, 29, 1187.62
1697425170, 29, 526, 1629, 449, 0, 5.68%, 274, 117, 29, 1144.67
1697425175, 29, 533, 1629, 449, 0, 5.68%, 274, 117, 29, 1165.79
1697425180, 29, 541, 1629, 449, 0, 5.68%, 274, 117, 29, 1185.08
1697425186, 29, 553, 1629, 448, 0, 5.68%, 274, 117, 29, 1184.80
1697425191, 29, 564, 1629, 448, 0, 5.68%, 274, 117, 29, 1154.94
1697425196, 29, 569, 1629, 448, 0, 5.68%, 274, 117, 29, 1171.56
1697425201, 29, 588, 1629, 448, 0, 5.68%, 274, 117, 29, 1169.63
1697425206, 29, 591, 1629, 447, 0, 5.68%, 274, 117, 29, 1129.84
1697425211, 29, 604, 1629, 446, 0, 5.68%, 274, 117, 29, 1134.14
1697425216, 29, 811, 1630, 447, 1, 5.68%, 274, 117, 29, 1144.27
1697425221, 29, 1202, 1630, 447, 1, 5.68%, 274, 117, 29, 1132.37
1697425226, 29, 1430, 1630, 447, 1, 5.68%, 274, 117, 29, 1165.24
1697425241, 29, 1629, 1630, 446, 1, 5.68%, 274, 117, 29, 1206.39
1697425246, 30, 44, 1630, 445, 0, 5.68%, 274, 117, 29, 1205.45
1697425251, 30, 122, 1630, 445, 0, 5.68%, 274, 117, 29, 1164.40
1697425256, 30, 153, 1630, 445, 0, 5.68%, 274, 117, 29, 1148.22
1697425261, 30, 179, 1630, 445, 0, 5.68%, 274, 117, 29, 1159.37
1697425266, 30, 202, 1630, 445, 0, 5.68%, 274, 117, 29, 1102.93
1697425272, 30, 233, 1630, 445, 0, 5.68%, 274, 117, 29, 1142.74
1697425277, 30, 258, 1630, 445, 0, 5.68%, 274, 117, 29, 1153.97
1697425282, 30, 282, 1630, 445, 0, 5.68%, 274, 117, 29, 1161.44
1697425287, 30, 315, 1630, 445, 0, 5.68%, 274, 117, 29, 1164.32
1697425292, 30, 334, 1630, 445, 0, 5.68%, 274, 117, 29, 1153.92
1697425297, 30, 345, 1631, 444, 0, 5.68%, 274, 117, 29, 1152.70
1697425302, 30, 368, 1631, 444, 0, 5.68%, 274, 117, 29, 1161.67
1697425307, 30, 388, 1631, 444, 0, 5.68%, 274, 117, 29, 1168.92
1697425312, 30, 406, 1632, 445, 0, 5.68%, 274, 117, 29, 1188.05
1697425317, 30, 425, 1632, 445, 0, 5.68%, 274, 117, 29, 1175.21
1697425322, 30, 457, 1632, 445, 0, 5.68%, 274, 117, 29, 1181.04
1697425327, 30, 473, 1633, 446, 0, 5.68%, 275, 117, 29, 1164.66
1697425332, 30, 486, 1633, 446, 0, 5.68%, 275, 117, 29, 1160.33
1697425337, 30, 491, 1633, 446, 0, 5.68%, 275, 117, 29, 1175.52
1697425342, 30, 501, 1633, 446, 0, 5.68%, 275, 117, 29, 1191.84
1697425347, 30, 516, 1633, 446, 0, 5.68%, 275, 117, 29, 1193.30
1697425352, 30, 528, 1633, 446, 0, 5.68%, 275, 117, 29, 1196.33
1697425357, 30, 537, 1633, 446, 0, 5.68%, 275, 117, 29, 1201.34
1697425363, 30, 550, 1633, 446, 0, 5.68%, 275, 117, 29, 1213.77
1697425368, 30, 557, 1633, 446, 0, 5.68%, 275, 117, 29, 1160.31
1697425373, 30, 566, 1633, 446, 0, 5.68%, 275, 117, 29, 1154.52
1697425378, 30, 570, 1633, 445, 0, 5.68%, 275, 117, 29, 1166.68
1697425383, 30, 580, 1633, 442, 0, 5.68%, 275, 117, 29, 1172.80
1697425388, 30, 586, 1633, 442, 0, 5.68%, 275, 117, 29, 1187.65
1697425393, 30, 594, 1633, 442, 0, 5.68%, 275, 117, 29, 1176.12
1697425398, 30, 608, 1633, 442, 0, 5.68%, 275, 117, 29, 1192.21
1697425403, 30, 615, 1633, 442, 0, 5.68%, 275, 117, 29, 1033.20
1697425408, 30, 620, 1633, 442, 0, 5.68%, 275, 117, 29, 1057.61
1697427376, 30, 622, 1635, 444, 0, 5.68%, 275, 117, 29, 0.00
