# unix_time, cycles_done, cur_path, paths_total, pending_total, pending_favs, map_size, unique_crashes, unique_hangs, max_depth, execs_per_sec
1697415081, 0, 0, 1, 1, 1, 2.13%, 0, 0, 1, 571.43
1697415086, 0, 0, 164, 164, 1, 2.79%, 32, 1, 2, 1030.37
1697415092, 0, 0, 206, 206, 1, 2.93%, 46, 3, 2, 117.03
1697415097, 0, 26, 231, 227, 93, 3.19%, 53, 3, 3, 1109.88
1697415102, 0, 32, 245, 240, 94, 3.29%, 60, 3, 3, 1077.86
1697415107, 0, 32, 260, 255, 94, 3.30%, 65, 4, 3, 1073.78
1697415112, 0, 35, 276, 270, 106, 3.35%, 67, 4, 3, 1055.97
1697415118, 0, 35, 284, 278, 106, 3.40%, 69, 4, 3, 1073.73
1697415123, 0, 40, 293, 283, 108, 3.41%, 69, 4, 3, 1118.33
1697415128, 0, 43, 297, 286, 110, 3.41%, 71, 4, 3, 1146.72
1697415133, 0, 43, 301, 290, 110, 3.42%, 71, 4, 3, 1115.31
1697415138, 0, 47, 308, 295, 110, 3.42%, 72, 4, 3, 1079.14
1697415143, 0, 47, 315, 302, 110, 3.42%, 72, 4, 3, 1078.70
1697415148, 0, 79, 317, 299, 107, 3.42%, 73, 5, 3, 1094.39
1697415153, 0, 89, 323, 300, 106, 3.51%, 74, 5, 3, 1100.98
1697415158, 0, 96, 333, 306, 108, 3.56%, 74, 5, 3, 1085.12
1697415163, 0, 119, 336, 302, 102, 3.56%, 74, 5, 3, 1129.32
1697415168, 0, 140, 344, 305, 97, 3.58%, 75, 5, 3, 1061.45
1697415173, 0, 143, 346, 306, 100, 3.58%, 75, 5, 3, 1101.16
1697415178, 0, 151, 348, 304, 96, 3.58%, 75, 5, 3, 1076.77
1697415184, 0, 151, 355, 311, 96, 3.61%, 76, 5, 3, 1063.04
1697415189, 0, 154, 360, 314, 99, 3.62%, 77, 5, 3, 1105.94
1697415194, 0, 171, 364, 314, 97, 3.64%, 77, 5, 3, 1088.06
1697415199, 0, 171, 369, 319, 97, 3.65%, 77, 5, 3, 1075.74
1697415204, 0, 172, 371, 320, 98, 3.65%, 79, 6, 3, 1078.52
1697415209, 0, 179, 392, 338, 97, 3.66%, 82, 6, 3, 1051.03
1697415215, 0, 179, 393, 339, 97, 3.66%, 83, 7, 3, 181.89
1697415220, 0, 184, 403, 348, 99, 3.69%, 83, 7, 3, 1138.91
1697415225, 0, 184, 421, 366, 99, 3.74%, 84, 7, 3, 1130.57
1697415230, 0, 187, 425, 368, 111, 3.74%, 85, 7, 3, 1091.81
1697415235, 0, 202, 428, 367, 108, 3.74%, 87, 7, 3, 1111.10
1697415240, 0, 212, 429, 364, 103, 3.77%, 87, 7, 3, 1082.99
1697415245, 0, 229, 431, 362, 101, 3.77%, 88, 7, 3, 1068.60
1697415250, 0, 243, 433, 359, 97, 3.79%, 89, 7, 4, 1101.93
1697415255, 0, 252, 437, 360, 95, 3.79%, 89, 8, 4, 1077.63
1697415260, 0, 259, 439, 358, 93, 3.81%, 89, 8, 4, 1100.90
1697415266, 0, 267, 446, 360, 93, 3.82%, 89, 8, 4, 1103.98
1697415271, 0, 280, 449, 358, 90, 3.82%, 89, 8, 4, 1092.07
1697415277, 0, 282, 457, 365, 89, 3.82%, 89, 9, 4, 188.31
1697415282, 0, 284, 462, 368, 91, 3.83%, 89, 9, 4, 1080.11
1697415287, 0, 296, 463, 360, 83, 3.83%, 89, 9, 4, 1105.91
1697415292, 0, 310, 463, 355, 78, 3.83%, 89, 9, 4, 1115.17
1697415297, 0, 317, 477, 367, 77, 3.84%, 89, 10, 4, 1095.79
1697415302, 0, 319, 478, 367, 80, 3.84%, 89, 10, 4, 1085.84
1697415307, 0, 329, 482, 366, 75, 3.85%, 90, 10, 4, 1076.62
1697415312, 0, 336, 487, 367, 71, 3.88%, 90, 11, 4, 1075.39
1697415318, 0, 347, 493, 367, 69, 3.90%, 90, 11, 4, 1070.37
1697415323, 0, 358, 496, 365, 69, 3.90%, 90, 11, 4, 1090.78
1697415328, 0, 366, 499, 363, 66, 3.91%, 92, 11, 4, 1124.52
1697415333, 0, 384, 503, 364, 65, 3.93%, 93, 12, 4, 1125.86
1697415338, 0, 411, 510, 363, 61, 3.94%, 93, 12, 4, 1114.79
1697415343, 0, 411, 517, 370, 61, 3.95%, 94, 12, 4, 1084.07
1697415348, 0, 413, 517, 368, 63, 3.95%, 94, 13, 4, 1007.88
1697415353, 0, 416, 522, 370, 61, 3.95%, 94, 13, 4, 1061.46
1697415358, 0, 422, 522, 366, 58, 3.95%, 94, 14, 4, 1085.58
1697415363, 0, 434, 527, 366, 54, 3.96%, 96, 14, 4, 1117.34
1697415368, 0, 436, 529, 366, 53, 3.96%, 96, 14, 5, 1118.40
1697415373, 0, 440, 531, 366, 52, 3.97%, 96, 14, 5, 1115.51
1697415378, 0, 445, 536, 368, 51, 4.02%, 96, 14, 5, 1141.36
1697415383, 0, 446, 538, 369, 51, 4.02%, 96, 14, 5, 1178.41
1697415388, 0, 452, 539, 367, 48, 4.02%, 97, 14, 5, 1146.07
1697415394, 0, 459, 541, 367, 46, 4.02%, 97, 15, 5, 1106.18
1697415399, 0, 473, 545, 368, 42, 4.02%, 97, 15, 5, 1139.26
1697415404, 0, 477, 548, 369, 39, 4.02%, 97, 15, 5, 1135.62
1697415409, 0, 487, 551, 369, 38, 4.03%, 97, 15, 5, 1143.56
1697415414, 0, 493, 555, 370, 36, 4.03%, 97, 15, 5, 1107.02
1697415419, 0, 496, 557, 370, 34, 4.03%, 97, 15, 5, 1112.60
1697415424, 0, 498, 567, 379, 34, 4.08%, 97, 15, 5, 1121.47
1697415429, 0, 499, 567, 378, 42, 4.08%, 98, 15, 5, 1122.94
1697415434, 0, 504, 572, 379, 42, 4.11%, 98, 16, 5, 1144.69
1697415439, 0, 511, 580, 384, 41, 4.11%, 98, 16, 5, 1014.40
1697415445, 0, 514, 581, 383, 39, 4.12%, 98, 16, 5, 1094.68
1697415450, 0, 515, 583, 384, 39, 4.12%, 98, 16, 5, 1086.89
1697415455, 0, 520, 585, 384, 40, 4.12%, 98, 17, 5, 80.91
1697415460, 0, 520, 588, 387, 40, 4.13%, 98, 17, 5, 1099.24
1697415465, 0, 527, 589, 385, 39, 4.13%, 98, 17, 5, 1114.42
1697415470, 0, 534, 591, 383, 37, 4.13%, 98, 17, 6, 1131.08
1697415475, 0, 537, 599, 389, 35, 4.17%, 98, 17, 6, 1177.25
1697415480, 0, 544, 604, 392, 38, 4.21%, 98, 17, 6, 1153.89
1697415485, 0, 550, 608, 393, 38, 4.22%, 98, 17, 6, 1116.88
1697415490, 0, 558, 611, 393, 35, 4.22%, 98, 17, 6, 1125.34
1697415496, 0, 562, 613, 392, 33, 4.23%, 99, 17, 6, 1139.39
1697415501, 0, 563, 617, 395, 34, 4.23%, 99, 17, 6, 1132.78
1697415506, 0, 567, 619, 394, 34, 4.23%, 99, 17, 6, 1120.23
1697415511, 0, 574, 624, 394, 31, 4.24%, 99, 17, 6, 1018.71
1697415516, 0, 580, 626, 393, 28, 4.24%, 100, 17, 6, 1053.80
1697415521, 0, 581, 631, 397, 28, 4.26%, 101, 17, 6, 1065.87
1697415526, 0, 582, 632, 397, 30, 4.27%, 101, 17, 6, 1072.96
1697415531, 0, 584, 639, 403, 29, 4.28%, 101, 17, 6, 1102.36
1697415536, 0, 584, 641, 405, 29, 4.28%, 101, 18, 6, 1147.69
1697415541, 0, 588, 643, 405, 31, 4.28%, 101, 18, 6, 1131.65
1697415547, 0, 595, 646, 405, 29, 4.28%, 101, 18, 7, 1145.50
1697415552, 0, 603, 649, 403, 27, 4.31%, 101, 18, 7, 1149.71
1697415557, 0, 610, 650, 401, 24, 4.31%, 101, 18, 7, 1149.82
1697415562, 0, 611, 656, 406, 24, 4.32%, 101, 18, 7, 1108.90
1697415567, 0, 612, 658, 407, 25, 4.32%, 101, 18, 7, 1133.80
1697415572, 0, 617, 662, 408, 25, 4.32%, 101, 18, 7, 1132.19
1697415577, 0, 625, 664, 407, 24, 4.33%, 101, 19, 7, 1090.08
1697415582, 0, 631, 665, 405, 21, 4.33%, 101, 19, 7, 1094.64
1697415587, 0, 641, 665, 402, 18, 4.33%, 103, 19, 7, 1120.00
1697415592, 0, 647, 666, 399, 14, 4.33%, 103, 19, 8, 1147.58
1697415597, 0, 648, 680, 412, 13, 4.37%, 103, 19, 8, 1156.46
1697415602, 0, 651, 684, 414, 19, 4.39%, 104, 19, 8, 1107.76
1697415607, 0, 654, 685, 412, 16, 4.39%, 104, 19, 8, 1087.31
1697415612, 0, 658, 688, 414, 15, 4.39%, 104, 19, 8, 1078.75
1697415617, 0, 661, 704, 428, 15, 4.42%, 104, 19, 8, 1124.86
1697415622, 0, 663, 709, 431, 34, 4.42%, 104, 19, 8, 1160.39
1697415627, 0, 672, 714, 433, 32, 4.45%, 108, 19, 9, 1155.34
1697415633, 0, 672, 725, 444, 32, 4.54%, 114, 20, 9, 1169.76
1697415638, 0, 676, 732, 448, 41, 4.55%, 115, 20, 9, 1152.16
1697415643, 0, 682, 746, 459, 40, 4.56%, 115, 20, 9, 1155.80
1697415648, 0, 685, 747, 459, 46, 4.56%, 115, 20, 9, 1056.67
1697415653, 0, 688, 747, 457, 44, 4.56%, 115, 20, 9, 1131.56
1697415658, 0, 692, 747, 453, 40, 4.56%, 115, 20, 9, 1173.66
1697415663, 0, 696, 747, 449, 36, 4.56%, 115, 20, 9, 1182.66
1697415669, 0, 700, 748, 446, 32, 4.56%, 115, 20, 9, 1180.41
1697415674, 0, 702, 754, 450, 30, 4.57%, 115, 20, 9, 1180.74
1697415679, 0, 702, 755, 451, 30, 4.57%, 115, 22, 9, 50.06
1697415684, 0, 706, 756, 448, 34, 4.57%, 115, 22, 9, 1168.38
1697415689, 0, 714, 762, 451, 35, 4.58%, 115, 22, 10, 1057.21
1697415695, 0, 715, 768, 456, 38, 4.59%, 117, 22, 10, 1146.33
1697415700, 0, 719, 776, 461, 40, 4.62%, 120, 22, 10, 1158.45
1697415705, 0, 722, 776, 458, 37, 4.62%, 122, 22, 10, 1167.93
1697415710, 0, 727, 778, 457, 36, 4.62%, 122, 22, 10, 1172.81
1697415715, 0, 734, 778, 455, 34, 4.62%, 123, 23, 10, 146.53
1697415720, 0, 740, 778, 452, 32, 4.62%, 123, 24, 10, 1155.58
1697415725, 0, 744, 778, 449, 29, 4.62%, 123, 24, 10, 1147.77
1697415731, 0, 748, 780, 448, 26, 4.62%, 123, 25, 10, 19.09
1697415736, 0, 750, 787, 453, 25, 4.64%, 123, 25, 10, 969.33
1697415741, 0, 752, 787, 451, 30, 4.64%, 123, 25, 10, 608.23
1697415746, 0, 753, 795, 458, 29, 4.65%, 123, 25, 10, 1050.32
1697415751, 0, 755, 801, 462, 38, 4.66%, 123, 25, 10, 1115.11
1697415757, 0, 756, 807, 467, 40, 4.67%, 123, 25, 11, 1161.76
1697415762, 0, 757, 807, 466, 42, 4.67%, 123, 26, 11, 1184.89
1697415767, 0, 759, 815, 472, 43, 4.68%, 123, 26, 11, 1194.35
1697415772, 0, 760, 815, 471, 47, 4.68%, 123, 26, 11, 1185.58
1697415777, 0, 764, 816, 470, 45, 4.68%, 123, 29, 11, 610.00
1697415782, 0, 764, 824, 478, 45, 4.70%, 123, 32, 11, 115.86
1697415787, 0, 764, 829, 483, 45, 4.70%, 123, 34, 11, 23.58
1697415793, 0, 764, 829, 483, 45, 4.70%, 123, 35, 11, 70.74
1697415798, 0, 766, 829, 481, 55, 4.70%, 123, 36, 11, 1109.41
1697415803, 0, 774, 829, 478, 52, 4.70%, 123, 36, 11, 1158.09
1697415808, 0, 777, 832, 478, 49, 4.70%, 123, 36, 11, 1158.83
1697415813, 0, 779, 832, 477, 48, 4.70%, 123, 37, 11, 1186.66
1697415818, 0, 779, 832, 477, 48, 4.70%, 123, 39, 11, 9.42
1697415823, 0, 781, 832, 475, 46, 4.70%, 123, 39, 11, 60.61
1697415828, 0, 784, 833, 473, 43, 4.70%, 123, 39, 11, 766.18
1697415833, 0, 786, 835, 473, 41, 4.71%, 123, 39, 11, 1051.54
1697415838, 0, 789, 837, 472, 41, 4.71%, 124, 39, 11, 1051.77
1697415844, 0, 791, 837, 470, 39, 4.71%, 124, 39, 11, 923.48
1697415849, 0, 792, 837, 469, 38, 4.71%, 124, 39, 11, 55.56
1697415854, 0, 794, 839, 469, 36, 4.71%, 124, 40, 11, 158.61
1697415859, 0, 796, 840, 468, 36, 4.71%, 124, 40, 11, 955.41
1697415864, 0, 803, 842, 467, 34, 4.71%, 124, 41, 11, 1108.91
1697415869, 0, 803, 844, 469, 34, 4.73%, 124, 41, 11, 1123.83
1697415874, 0, 806, 844, 466, 33, 4.73%, 124, 42, 11, 1205.65
1697415880, 0, 809, 845, 464, 31, 4.74%, 124, 42, 12, 1187.97
1697415885, 0, 813, 846, 461, 28, 4.74%, 124, 42, 12, 1180.46
1697415890, 0, 815, 848, 461, 26, 4.74%, 124, 42, 12, 1056.58
1697415895, 0, 817, 848, 459, 26, 4.74%, 124, 42, 12, 539.31
1697415900, 0, 818, 848, 458, 25, 4.74%, 124, 43, 12, 373.75
1697415905, 0, 819, 848, 457, 24, 4.74%, 124, 43, 12, 382.89
1697415910, 0, 820, 848, 456, 23, 4.74%, 124, 43, 12, 353.66
1697415915, 0, 820, 848, 456, 23, 4.74%, 124, 44, 12, 86.21
1697415920, 0, 821, 848, 455, 22, 4.74%, 124, 44, 12, 76.29
1697415925, 0, 823, 849, 454, 20, 4.74%, 124, 44, 12, 343.52
1697415931, 0, 824, 849, 453, 19, 4.74%, 124, 44, 12, 390.24
1697415936, 0, 826, 849, 451, 17, 4.74%, 124, 44, 12, 70.08
1697415941, 0, 827, 849, 450, 16, 4.74%, 124, 44, 12, 618.43
1697415946, 0, 828, 849, 449, 15, 4.74%, 124, 45, 12, 132.53
1697415951, 0, 835, 850, 447, 12, 4.74%, 124, 45, 12, 1041.12
1697415956, 0, 839, 850, 444, 10, 4.74%, 124, 45, 12, 1109.38
1697415961, 0, 840, 852, 445, 9, 4.74%, 124, 46, 12, 42.37
1697415967, 0, 844, 853, 444, 7, 4.75%, 127, 46, 13, 1142.31
1697415972, 0, 845, 857, 447, 8, 4.75%, 127, 47, 13, 134.20
1697415977, 0, 846, 858, 447, 9, 4.75%, 127, 47, 13, 1110.56
1697415983, 0, 847, 858, 446, 8, 4.75%, 127, 47, 13, 710.00
1697415988, 0, 852, 861, 447, 6, 4.75%, 127, 47, 14, 1175.09
1697415993, 0, 854, 861, 446, 6, 4.75%, 127, 47, 14, 1162.23
1697415998, 0, 859, 865, 449, 5, 4.75%, 127, 47, 15, 1169.92
1697416003, 1, 443, 866, 446, 3, 4.75%, 127, 47, 15, 1147.51
1697416008, 1, 842, 867, 445, 3, 4.75%, 127, 47, 15, 1161.74
1697416013, 1, 865, 869, 446, 2, 4.75%, 129, 48, 15, 1152.16
1697416018, 2, 6, 870, 444, 0, 4.75%, 129, 48, 15, 1152.05
1697416023, 2, 22, 870, 440, 0, 4.75%, 129, 49, 15, 1134.23
1697416029, 2, 389, 872, 437, 1, 4.76%, 129, 49, 15, 1134.89
1697416034, 2, 786, 873, 437, 1, 4.76%, 129, 49, 15, 1143.53
1697416039, 2, 871, 877, 441, 2, 4.76%, 129, 49, 15, 995.22
1697416044, 2, 871, 878, 442, 2, 4.76%, 129, 49, 15, 1126.56
1697416049, 2, 877, 881, 443, 1, 4.77%, 130, 49, 15, 1148.40
1697416054, 2, 877, 883, 445, 1, 4.77%, 130, 49, 15, 1148.45
1697416059, 2, 882, 883, 443, 0, 4.77%, 130, 49, 15, 1163.26
1697416064, 3, 101, 884, 441, 1, 4.77%, 130, 49, 15, 1160.63
1697416069, 3, 566, 884, 438, 1, 4.77%, 130, 49, 15, 1150.58
1697416074, 3, 750, 887, 439, 2, 4.77%, 130, 49, 15, 1130.20
1697416080, 3, 883, 897, 449, 2, 4.78%, 130, 49, 15, 1161.52
1697416085, 3, 885, 911, 462, 10, 4.79%, 130, 49, 15, 1107.84
1697416090, 3, 885, 917, 468, 10, 4.81%, 130, 49, 15, 1092.09
1697416095, 3, 889, 918, 467, 15, 4.81%, 130, 49, 15, 1153.09
1697416100, 3, 892, 919, 465, 12, 4.81%, 130, 49, 15, 1168.35
1697416105, 3, 893, 924, 469, 11, 4.82%, 130, 49, 15, 1154.67
1697416110, 3, 894, 927, 471, 14, 4.82%, 130, 49, 15, 1173.73
1697416115, 3, 903, 928, 469, 11, 4.82%, 130, 49, 15, 1140.58
1697416120, 3, 903, 931, 472, 11, 4.82%, 130, 49, 15, 1089.57
1697416125, 3, 905, 933, 473, 12, 4.82%, 131, 49, 15, 1085.23
1697416130, 3, 909, 934, 473, 11, 4.85%, 132, 49, 15, 1100.14
1697416135, 3, 909, 935, 474, 11, 4.85%, 132, 49, 15, 989.93
1697416141, 3, 910, 936, 474, 12, 4.85%, 133, 49, 15, 1062.79
1697416146, 3, 912, 937, 474, 12, 4.85%, 134, 49, 15, 1095.14
1697416151, 3, 912, 938, 475, 12, 4.90%, 134, 49, 15, 1113.22
1697416156, 3, 913, 954, 490, 12, 4.96%, 134, 49, 15, 1057.10
1697416161, 3, 913, 962, 498, 12, 4.96%, 134, 49, 15, 1092.66
1697416166, 3, 920, 962, 495, 16, 4.96%, 134, 49, 15, 1161.53
1697416171, 3, 930, 962, 492, 13, 4.96%, 135, 49, 15, 1164.71
1697416176, 3, 930, 964, 494, 13, 4.96%, 137, 49, 15, 1097.42
1697416181, 3, 931, 965, 494, 14, 4.97%, 137, 49, 15, 1114.81
1697416191, 3, 933, 972, 500, 13, 4.97%, 140, 49, 15, 1088.36
1697416196, 3, 934, 972, 499, 13, 4.97%, 141, 49, 15, 1103.58
1697416202, 3, 935, 973, 499, 12, 4.97%, 142, 49, 15, 1072.02
1697416207, 3, 935, 973, 499, 12, 4.97%, 143, 49, 15, 1006.58
1697416212, 3, 935, 975, 501, 12, 4.97%, 143, 49, 15, 1067.33
1697416217, 3, 937, 976, 501, 12, 4.97%, 144, 49, 15, 1074.20
1697416222, 3, 937, 977, 502, 12, 4.97%, 144, 49, 15, 1116.05
1697416227, 3, 941, 978, 502, 13, 5.00%, 144, 49, 15, 1068.68
1697416232, 3, 941, 979, 503, 13, 5.00%, 145, 49, 15, 1091.59
1697416237, 3, 946, 981, 504, 14, 5.00%, 145, 49, 15, 1052.48
1697416243, 3, 947, 983, 505, 14, 5.00%, 145, 49, 15, 1031.91
1697416248, 3, 947, 990, 512, 14, 5.00%, 145, 49, 15, 1038.42
1697416253, 3, 953, 992, 513, 16, 5.00%, 146, 49, 15, 1093.78
1697416258, 3, 953, 996, 517, 16, 5.03%, 146, 49, 15, 1096.58
1697416263, 3, 953, 997, 518, 16, 5.03%, 146, 49, 15, 1094.47
1697416268, 3, 956, 997, 517, 18, 5.03%, 146, 49, 15, 1105.18
1697416273, 3, 960, 998, 517, 17, 5.03%, 146, 49, 15, 1059.20
1697416278, 3, 960, 1001, 520, 17, 5.03%, 146, 49, 15, 1103.71
1697416283, 3, 962, 1002, 520, 19, 5.03%, 148, 49, 15, 1091.27
1697416289, 3, 964, 1004, 521, 19, 5.03%, 152, 49, 15, 1110.64
1697416294, 3, 971, 1004, 520, 19, 5.03%, 152, 49, 15, 1136.42
1697416299, 3, 972, 1006, 521, 18, 5.04%, 152, 49, 15, 1090.83
1697416304, 3, 972, 1012, 527, 18, 5.04%, 152, 49, 15, 1097.30
1697416309, 3, 974, 1015, 529, 19, 5.09%, 152, 49, 15, 1074.22
1697416314, 3, 975, 1016, 529, 20, 5.09%, 152, 49, 15, 1104.01
1697416324, 3, 976, 1017, 529, 19, 5.09%, 152, 49, 15, 1105.88
1697416329, 3, 976, 1018, 530, 19, 5.09%, 152, 49, 15, 1082.98
1697416334, 3, 977, 1024, 535, 19, 5.10%, 152, 49, 15, 1051.86
1697416339, 3, 979, 1025, 535, 20, 5.10%, 152, 49, 15, 1113.26
1697416344, 3, 979, 1026, 536, 20, 5.10%, 152, 49, 15, 1104.70
1697416350, 3, 987, 1026, 535, 19, 5.10%, 153, 49, 15, 1098.17
1697416355, 3, 991, 1028, 536, 18, 5.10%, 153, 49, 15, 1084.48
1697416360, 3, 991, 1030, 538, 18, 5.10%, 153, 49, 15, 1106.63
1697416365, 3, 992, 1032, 539, 19, 5.13%, 154, 49, 15, 1096.10
1697416370, 3, 992, 1034, 541, 19, 5.13%, 154, 49, 15, 1090.42
1697416375, 3, 995, 1034, 540, 20, 5.13%, 154, 49, 15, 1115.40
1697418322, 3, 995, 1035, 541, 20, 5.13%, 155, 49, 15, 0.00
