# unix_time, cycles_done, cur_path, paths_total, pending_total, pending_favs, map_size, unique_crashes, unique_hangs, max_depth, execs_per_sec
1695613093, 0, 0, 1, 1, 1, 0.13%, 0, 0, 1, 666.67
1695613098, 23, 0, 1, 0, 0, 0.13%, 0, 0, 1, 1319.76
1695613103, 46, 0, 1, 0, 0, 0.13%, 0, 0, 1, 1147.34
1695613108, 76, 0, 1, 0, 0, 0.13%, 0, 0, 1, 1431.03
1695613114, 100, 0, 1, 0, 0, 0.13%, 0, 0, 1, 1344.86
1695613119, 131, 0, 1, 0, 0, 0.13%, 0, 0, 1, 1484.58
1695613124, 161, 0, 1, 0, 0, 0.13%, 0, 0, 1, 1498.61
1695613129, 191, 0, 1, 0, 0, 0.13%, 0, 0, 1, 1438.06
1695613134, 219, 0, 1, 0, 0, 0.13%, 0, 0, 1, 1431.70
1695613139, 249, 0, 1, 0, 0, 0.13%, 0, 0, 1, 1482.23
1695613144, 277, 0, 1, 0, 0, 0.13%, 0, 0, 1, 1447.95
1695613149, 306, 0, 1, 0, 0, 0.13%, 0, 0, 1, 1444.69
1695613154, 327, 0, 1, 0, 0, 0.13%, 0, 0, 1, 1119.52
1695613160, 349, 0, 1, 0, 0, 0.13%, 0, 0, 1, 1118.29
1695613165, 373, 0, 1, 0, 0, 0.13%, 0, 0, 1, 1131.92
1695613170, 398, 0, 1, 0, 0, 0.13%, 0, 0, 1, 1290.29
1695613175, 427, 0, 1, 0, 0, 0.13%, 0, 0, 1, 1359.48
1695613180, 454, 0, 1, 0, 0, 0.13%, 0, 0, 1, 1426.70
1695613185, 478, 0, 1, 0, 0, 0.13%, 0, 0, 1, 1305.11
1695613190, 501, 0, 1, 0, 0, 0.13%, 0, 0, 1, 1204.82
1695613195, 530, 0, 1, 0, 0, 0.13%, 0, 0, 1, 1349.43
1695613201, 552, 0, 1, 0, 0, 0.13%, 0, 0, 1, 1217.93
1695613206, 582, 0, 1, 0, 0, 0.13%, 0, 0, 1, 1451.19
1695613211, 609, 0, 1, 0, 0, 0.13%, 0, 0, 1, 1398.22
1695613216, 630, 0, 1, 0, 0, 0.13%, 0, 0, 1, 1140.24
1695613221, 661, 0, 1, 0, 0, 0.13%, 0, 0, 1, 1417.91
1695613226, 690, 0, 1, 0, 0, 0.13%, 0, 0, 1, 1463.71
1695613231, 714, 0, 1, 0, 0, 0.13%, 0, 0, 1, 1204.47
1695613236, 742, 0, 1, 0, 0, 0.13%, 0, 0, 1, 1362.72
1695613242, 772, 0, 1, 0, 0, 0.13%, 0, 0, 1, 1467.57
1695613247, 803, 0, 1, 0, 0, 0.13%, 0, 0, 1, 1505.93
1695613252, 831, 0, 1, 0, 0, 0.13%, 0, 0, 1, 1396.24
1695613257, 861, 0, 1, 0, 0, 0.13%, 0, 0, 1, 1489.37
1695613262, 891, 0, 1, 0, 0, 0.13%, 0, 0, 1, 1513.31
1695613267, 920, 0, 1, 0, 0, 0.13%, 0, 0, 1, 1497.59
1695613272, 944, 0, 1, 0, 0, 0.13%, 0, 0, 1, 1237.85
1695613277, 971, 0, 1, 0, 0, 0.13%, 0, 0, 1, 1237.22
1695613282, 997, 0, 1, 0, 0, 0.13%, 0, 0, 1, 1373.52
1695613288, 1028, 0, 1, 0, 0, 0.13%, 0, 0, 1, 1478.81
1695613293, 1051, 0, 1, 0, 0, 0.13%, 0, 0, 1, 1173.80
1695613298, 1075, 0, 1, 0, 0, 0.13%, 0, 0, 1, 1287.10
1695613303, 1106, 0, 1, 0, 0, 0.13%, 0, 0, 1, 1467.55
1695613308, 1132, 0, 1, 0, 0, 0.13%, 0, 0, 1, 1291.77
1695613313, 1156, 0, 1, 0, 0, 0.13%, 0, 0, 1, 1194.80
1695613318, 1181, 0, 1, 0, 0, 0.13%, 0, 0, 1, 1233.17
1695613323, 1209, 0, 1, 0, 0, 0.13%, 0, 0, 1, 1410.99
1695613329, 1235, 0, 1, 0, 0, 0.13%, 0, 0, 1, 1310.09
1695613334, 1263, 0, 1, 0, 0, 0.13%, 0, 0, 1, 1422.52
1695613339, 1290, 0, 1, 0, 0, 0.13%, 0, 0, 1, 1308.90
1695613344, 1311, 0, 1, 0, 0, 0.13%, 0, 0, 1, 1119.04
1695613349, 1341, 0, 1, 0, 0, 0.13%, 0, 0, 1, 1426.81
1695613354, 1370, 0, 1, 0, 0, 0.13%, 0, 0, 1, 1468.16
1695613359, 1395, 0, 1, 0, 0, 0.13%, 0, 0, 1, 1225.27
1695613364, 1424, 0, 1, 0, 0, 0.13%, 0, 0, 1, 1434.80
1695613369, 1450, 0, 1, 0, 0, 0.13%, 0, 0, 1, 1364.64
1695613374, 1477, 0, 1, 0, 0, 0.13%, 0, 0, 1, 1401.92
1695613379, 1502, 0, 1, 0, 0, 0.13%, 0, 0, 1, 1241.65
1695613384, 1523, 0, 1, 0, 0, 0.13%, 0, 0, 1, 1158.83
1695613390, 1549, 0, 1, 0, 0, 0.13%, 0, 0, 1, 1173.81
1695613395, 1576, 0, 1, 0, 0, 0.13%, 0, 0, 1, 1354.61
1695613400, 1604, 0, 1, 0, 0, 0.13%, 0, 0, 1, 1417.54
1695613405, 1635, 0, 1, 0, 0, 0.13%, 0, 0, 1, 1495.75
1695613410, 1665, 0, 1, 0, 0, 0.13%, 0, 0, 1, 1511.93
1695613415, 1695, 0, 1, 0, 0, 0.13%, 0, 0, 1, 1518.35
1695613420, 1724, 0, 1, 0, 0, 0.13%, 0, 0, 1, 1460.47
1695613425, 1748, 0, 1, 0, 0, 0.13%, 0, 0, 1, 1320.32
1695613430, 1773, 0, 1, 0, 0, 0.13%, 0, 0, 1, 1218.31
1695613435, 1796, 0, 1, 0, 0, 0.13%, 0, 0, 1, 1151.35
1695613440, 1819, 0, 1, 0, 0, 0.13%, 0, 0, 1, 1105.58
1695613446, 1839, 0, 1, 0, 0, 0.13%, 0, 0, 1, 1021.86
1695613451, 1866, 0, 1, 0, 0, 0.13%, 0, 0, 1, 1329.84
1695613456, 1897, 0, 1, 0, 0, 0.13%, 0, 0, 1, 1476.68
1695613461, 1927, 0, 1, 0, 0, 0.13%, 0, 0, 1, 1509.87
1695613466, 1957, 0, 1, 0, 0, 0.13%, 0, 0, 1, 1476.42
1695613471, 1980, 0, 1, 0, 0, 0.13%, 0, 0, 1, 1176.72
1695613476, 2009, 0, 1, 0, 0, 0.13%, 0, 0, 1, 1395.69
1695613482, 2038, 0, 1, 0, 0, 0.13%, 0, 0, 1, 1457.39
1695613487, 2068, 0, 1, 0, 0, 0.13%, 0, 0, 1, 1499.43
1695613492, 2097, 0, 1, 0, 0, 0.13%, 0, 0, 1, 1487.91
1695613497, 2126, 0, 1, 0, 0, 0.13%, 0, 0, 1, 1418.61
1695613502, 2156, 0, 1, 0, 0, 0.13%, 0, 0, 1, 1482.59
1695613507, 2185, 0, 1, 0, 0, 0.13%, 0, 0, 1, 1484.99
1695613512, 2211, 0, 1, 0, 0, 0.13%, 0, 0, 1, 1326.55
1695613517, 2241, 0, 1, 0, 0, 0.13%, 0, 0, 1, 1458.14
1695613522, 2271, 0, 1, 0, 0, 0.13%, 0, 0, 1, 1476.25
1695613528, 2300, 0, 1, 0, 0, 0.13%, 0, 0, 1, 1432.20
1695613533, 2329, 0, 1, 0, 0, 0.13%, 0, 0, 1, 1375.68
1695613538, 2353, 0, 1, 0, 0, 0.13%, 0, 0, 1, 1334.17
1695613543, 2375, 0, 1, 0, 0, 0.13%, 0, 0, 1, 1113.48
1695613548, 2403, 0, 1, 0, 0, 0.13%, 0, 0, 1, 1382.55
1695613553, 2425, 0, 1, 0, 0, 0.13%, 0, 0, 1, 1244.01
1695613558, 2455, 0, 1, 0, 0, 0.13%, 0, 0, 1, 1394.77
1695613563, 2485, 0, 1, 0, 0, 0.13%, 0, 0, 1, 1473.93
1695613569, 2515, 0, 1, 0, 0, 0.13%, 0, 0, 1, 1496.44
1695613574, 2545, 0, 1, 0, 0, 0.13%, 0, 0, 1, 1466.17
1695613579, 2572, 0, 1, 0, 0, 0.13%, 0, 0, 1, 1409.22
1695613584, 2600, 0, 1, 0, 0, 0.13%, 0, 0, 1, 1400.04
1695613589, 2630, 0, 1, 0, 0, 0.13%, 0, 0, 1, 1456.75
1695613594, 2659, 0, 1, 0, 0, 0.13%, 0, 0, 1, 1469.90
1695613600, 2690, 0, 1, 0, 0, 0.13%, 0, 0, 1, 1496.00
1695613605, 2720, 0, 1, 0, 0, 0.13%, 0, 0, 1, 1500.00
1695613610, 2745, 0, 1, 0, 0, 0.13%, 0, 0, 1, 1373.72
1695613615, 2772, 0, 1, 0, 0, 0.13%, 0, 0, 1, 1387.39
1695613620, 2802, 0, 1, 0, 0, 0.13%, 0, 0, 1, 1448.09
1695613625, 2833, 0, 1, 0, 0, 0.13%, 0, 0, 1, 1480.17
1695613630, 2863, 0, 1, 0, 0, 0.13%, 0, 0, 1, 1505.69
1695613635, 2892, 0, 1, 0, 0, 0.13%, 0, 0, 1, 1491.21
1695613640, 2921, 0, 1, 0, 0, 0.13%, 0, 0, 1, 1484.91
1695613646, 2943, 0, 1, 0, 0, 0.13%, 0, 0, 1, 1138.13
1695613651, 2968, 0, 1, 0, 0, 0.13%, 0, 0, 1, 1308.04
1695613656, 2998, 0, 1, 0, 0, 0.13%, 0, 0, 1, 1460.21
1695613661, 3024, 0, 1, 0, 0, 0.13%, 0, 0, 1, 1271.46
1695613666, 3048, 0, 1, 0, 0, 0.13%, 0, 0, 1, 1309.41
1695613671, 3075, 0, 1, 0, 0, 0.13%, 0, 0, 1, 1246.96
1695613676, 3102, 0, 1, 0, 0, 0.13%, 0, 0, 1, 1383.03
1695613681, 3132, 0, 1, 0, 0, 0.13%, 0, 0, 1, 1478.15
1695613686, 3156, 0, 1, 0, 0, 0.13%, 0, 0, 1, 1188.54
1695613691, 3183, 0, 1, 0, 0, 0.13%, 0, 0, 1, 1371.86
1695613696, 3212, 0, 1, 0, 0, 0.13%, 0, 0, 1, 1452.03
1695613702, 3241, 0, 1, 0, 0, 0.13%, 0, 0, 1, 1481.58
1695613707, 3268, 0, 1, 0, 0, 0.13%, 0, 0, 1, 1439.16
1695613712, 3296, 0, 1, 0, 0, 0.13%, 0, 0, 1, 1413.42
