# unix_time, cycles_done, cur_path, paths_total, pending_total, pending_favs, map_size, unique_crashes, unique_hangs, max_depth, execs_per_sec
1697807954, 0, 0, 1, 1, 1, 2.11%, 0, 0, 1, 533.33
1697807959, 0, 0, 107, 107, 1, 2.71%, 56, 0, 2, 852.93
1697807964, 0, 0, 172, 172, 1, 2.93%, 56, 0, 2, 781.80
1697807969, 0, 0, 186, 186, 1, 3.04%, 61, 0, 2, 776.85
1697807974, 0, 0, 199, 199, 1, 3.05%, 61, 0, 2, 757.19
1697807980, 0, 0, 207, 207, 1, 3.18%, 62, 0, 2, 858.90
1697807985, 0, 0, 210, 210, 1, 3.18%, 62, 0, 2, 789.41
1697807990, 0, 0, 224, 224, 1, 3.31%, 67, 1, 2, 723.88
1697807995, 0, 0, 232, 232, 1, 3.39%, 71, 2, 2, 929.13
1697808000, 0, 0, 247, 247, 1, 3.49%, 73, 2, 2, 903.77
1697808006, 0, 0, 256, 256, 1, 3.52%, 73, 2, 2, 877.97
