# unix_time, cycles_done, cur_path, paths_total, pending_total, pending_favs, map_size, unique_crashes, unique_hangs, max_depth, execs_per_sec
1698666965, 0, 0, 1, 1, 1, 2.55%, 0, 0, 1, 137.93
1698666970, 0, 0, 34, 34, 1, 2.78%, 2, 1, 2, 23.75
1698666976, 0, 0, 64, 64, 1, 3.02%, 5, 3, 2, 7.26
1698666981, 0, 0, 82, 82, 1, 3.07%, 10, 6, 2, 9.57
1698666986, 0, 0, 97, 97, 1, 3.12%, 17, 8, 2, 192.76
1698666991, 0, 0, 110, 110, 1, 3.14%, 20, 9, 2, 33.10
1698666996, 0, 0, 119, 119, 1, 3.20%, 22, 10, 2, 169.84
1698667001, 0, 0, 123, 123, 1, 3.20%, 23, 12, 2, 197.71
1698667007, 0, 0, 132, 132, 1, 3.22%, 24, 12, 2, 177.83
1698667012, 0, 0, 134, 134, 1, 3.22%, 26, 13, 2, 199.46
1698667017, 0, 0, 136, 136, 1, 3.27%, 27, 14, 2, 176.64
1698667022, 0, 0, 139, 139, 1, 3.54%, 27, 14, 2, 177.74
1698667027, 0, 0, 147, 147, 1, 3.56%, 28, 15, 2, 171.22
1698667032, 0, 0, 152, 152, 1, 3.56%, 28, 15, 2, 180.90
1698667037, 0, 0, 153, 153, 1, 3.56%, 28, 16, 2, 159.81
1698667042, 0, 3, 153, 152, 58, 3.56%, 29, 16, 2, 175.79
1698667047, 0, 6, 154, 152, 58, 3.57%, 29, 16, 3, 203.60
1698667052, 0, 14, 155, 151, 56, 3.57%, 29, 16, 3, 203.75
1698667057, 0, 14, 158, 154, 56, 3.57%, 30, 17, 3, 167.35
1698667062, 0, 14, 164, 160, 56, 3.59%, 30, 17, 3, 166.24
1698667068, 0, 14, 168, 164, 56, 3.59%, 30, 17, 3, 167.05
1698667073, 0, 14, 169, 165, 56, 3.59%, 30, 17, 3, 165.27
1698667078, 0, 14, 171, 167, 56, 3.59%, 33, 18, 3, 18.46
1698667083, 0, 14, 171, 167, 56, 3.59%, 34, 19, 3, 143.51
1698667088, 0, 14, 173, 169, 56, 3.59%, 34, 19, 3, 163.29
1698667094, 0, 14, 176, 172, 56, 3.59%, 34, 21, 3, 26.88
1698667099, 0, 14, 177, 173, 56, 3.66%, 34, 22, 3, 158.42
1698667104, 0, 14, 180, 176, 56, 3.67%, 34, 22, 3, 173.88
1698667109, 0, 14, 184, 180, 56, 3.73%, 34, 22, 3, 179.33
1698667114, 0, 32, 184, 178, 60, 3.73%, 34, 22, 3, 216.04
1698667120, 0, 34, 191, 184, 61, 3.81%, 35, 24, 3, 14.07
1698667126, 0, 34, 192, 185, 61, 3.81%, 35, 24, 3, 198.64
1698667131, 0, 34, 194, 187, 61, 3.86%, 35, 24, 3, 190.91
1698667136, 0, 34, 197, 190, 61, 3.86%, 35, 24, 3, 203.43
1698667141, 0, 34, 198, 191, 61, 3.86%, 35, 24, 3, 201.76
1698667146, 0, 34, 199, 192, 61, 3.86%, 35, 24, 3, 196.38
1698667151, 0, 34, 201, 194, 61, 3.89%, 35, 24, 3, 205.75
1698667156, 0, 34, 202, 195, 61, 3.90%, 35, 24, 3, 217.15
1698667161, 0, 35, 203, 195, 68, 3.90%, 35, 24, 3, 215.82
1698667167, 0, 36, 203, 194, 67, 3.90%, 35, 24, 3, 222.46
1698667172, 0, 45, 203, 192, 66, 3.90%, 35, 24, 3, 198.05
1698667177, 0, 48, 203, 191, 66, 3.90%, 35, 24, 3, 195.43
1698667182, 0, 48, 205, 193, 66, 3.90%, 36, 24, 3, 185.20
1698667187, 0, 48, 207, 195, 66, 3.98%, 38, 24, 3, 180.30
1698667192, 0, 48, 208, 196, 66, 4.05%, 38, 24, 3, 173.57
1698667197, 0, 48, 210, 198, 66, 4.09%, 39, 25, 3, 193.06
1698667202, 0, 48, 211, 199, 66, 4.09%, 39, 25, 3, 181.79
1698667207, 0, 48, 214, 202, 66, 4.16%, 40, 25, 3, 176.00
1698667217, 0, 48, 214, 202, 66, 4.16%, 41, 25, 3, 174.63
1698667228, 0, 53, 214, 201, 67, 4.16%, 41, 25, 3, 162.68
1698667233, 0, 59, 214, 200, 66, 4.16%, 41, 25, 3, 167.93
1698667238, 0, 59, 215, 201, 66, 4.16%, 41, 25, 3, 184.02
1698667243, 0, 60, 217, 202, 66, 4.32%, 42, 26, 3, 200.46
1698667248, 0, 63, 217, 201, 65, 4.32%, 43, 26, 3, 191.15
1698667253, 0, 68, 219, 202, 64, 4.32%, 43, 26, 3, 174.30
1698667258, 0, 68, 220, 203, 64, 4.32%, 43, 26, 3, 172.26
1698667273, 0, 68, 224, 207, 64, 4.32%, 43, 26, 3, 180.49
1698667284, 0, 68, 226, 209, 64, 4.34%, 43, 26, 3, 179.06
1698667294, 0, 68, 227, 210, 64, 4.36%, 44, 26, 3, 177.17
1698667299, 0, 68, 229, 212, 64, 4.37%, 44, 26, 3, 165.96
1698667304, 0, 71, 230, 212, 68, 4.37%, 44, 27, 3, 207.13
1698667309, 0, 73, 230, 210, 66, 4.37%, 44, 27, 3, 182.23
1698667314, 0, 78, 230, 209, 65, 4.37%, 44, 27, 3, 143.76
1698667319, 0, 82, 230, 208, 64, 4.37%, 45, 27, 3, 196.05
1698667324, 0, 84, 233, 210, 63, 4.38%, 45, 27, 3, 196.30
1698667330, 0, 84, 234, 211, 63, 4.38%, 45, 27, 3, 199.31
1698667335, 0, 84, 236, 213, 63, 4.38%, 45, 27, 3, 196.30
1698667340, 0, 84, 236, 213, 63, 4.38%, 45, 28, 3, 187.68
1698667345, 0, 84, 236, 213, 63, 4.38%, 45, 29, 3, 193.04
1698667350, 0, 84, 236, 213, 63, 4.38%, 46, 29, 3, 182.71
1698667355, 0, 84, 237, 214, 63, 4.41%, 47, 29, 3, 186.58
1698667370, 0, 87, 237, 213, 64, 4.41%, 47, 29, 3, 209.49
1698667376, 0, 94, 237, 210, 61, 4.41%, 47, 29, 3, 223.84
1698667381, 0, 96, 238, 210, 61, 4.41%, 48, 30, 3, 195.30
1698667386, 0, 96, 239, 211, 61, 4.41%, 48, 31, 3, 193.07
1698667391, 0, 98, 239, 210, 61, 4.41%, 48, 31, 3, 193.89
1698667396, 0, 104, 241, 211, 60, 4.41%, 48, 31, 3, 199.45
1698667401, 0, 105, 241, 210, 60, 4.41%, 48, 31, 3, 182.99
1698667406, 0, 107, 241, 209, 59, 4.41%, 49, 31, 3, 181.49
1698667411, 0, 107, 242, 210, 59, 4.41%, 49, 31, 3, 172.38
1698667416, 0, 113, 242, 208, 57, 4.41%, 49, 31, 3, 202.49
1698667426, 0, 115, 247, 212, 56, 4.42%, 49, 31, 3, 213.25
1698667432, 0, 115, 249, 214, 56, 4.42%, 49, 33, 3, 31.56
1698667437, 0, 115, 251, 216, 56, 4.43%, 49, 33, 3, 238.95
1698667442, 0, 115, 254, 219, 56, 4.43%, 49, 33, 3, 241.86
1698667447, 0, 115, 255, 220, 56, 4.43%, 49, 33, 3, 236.41
1698667463, 0, 118, 255, 219, 61, 4.43%, 49, 33, 3, 232.02
1698667468, 0, 121, 255, 218, 60, 4.43%, 49, 34, 3, 8.04
1698667474, 0, 123, 256, 218, 60, 4.44%, 49, 34, 3, 194.39
1698667479, 0, 129, 256, 217, 59, 4.44%, 49, 34, 3, 179.71
1698667484, 0, 134, 257, 217, 58, 4.44%, 49, 34, 3, 200.72
1698667489, 0, 135, 263, 222, 57, 4.45%, 49, 34, 3, 209.07
1698667494, 0, 135, 264, 223, 57, 4.45%, 49, 34, 3, 213.74
1698667504, 0, 135, 265, 224, 57, 4.45%, 49, 34, 3, 215.72
1698667525, 0, 136, 265, 223, 58, 4.45%, 49, 34, 3, 210.79
1698667530, 0, 136, 272, 230, 58, 4.46%, 51, 36, 3, 165.80
1698667535, 0, 136, 275, 233, 58, 4.46%, 51, 36, 3, 178.46
1698667540, 0, 136, 277, 235, 58, 4.47%, 51, 36, 3, 198.32
1698667550, 0, 136, 278, 236, 58, 4.48%, 51, 36, 3, 178.55
1698667555, 0, 136, 279, 237, 58, 4.48%, 51, 36, 3, 185.68
1698667565, 0, 139, 280, 237, 61, 4.48%, 51, 36, 3, 177.34
1698667570, 0, 139, 281, 238, 61, 4.49%, 51, 37, 3, 170.84
1698667575, 0, 153, 281, 236, 60, 4.49%, 51, 37, 3, 230.09
1698667580, 0, 157, 283, 236, 59, 4.49%, 51, 37, 4, 219.37
1698667585, 0, 158, 283, 235, 58, 4.49%, 51, 37, 4, 200.63
1698667590, 0, 160, 283, 234, 57, 4.49%, 51, 37, 4, 196.20
1698667596, 0, 170, 283, 233, 56, 4.49%, 51, 37, 4, 185.74
1698667601, 0, 170, 284, 234, 56, 4.49%, 52, 37, 4, 176.74
1698667606, 0, 176, 284, 233, 55, 4.49%, 52, 38, 4, 6.24
1698667612, 0, 179, 286, 234, 54, 4.50%, 53, 39, 4, 224.73
1698667617, 0, 182, 286, 233, 54, 4.50%, 53, 39, 4, 199.04
1698667622, 0, 187, 287, 233, 54, 4.53%, 53, 39, 4, 213.59
1698667627, 0, 188, 287, 232, 53, 4.53%, 53, 40, 4, 207.90
1698667632, 0, 191, 287, 230, 51, 4.53%, 53, 40, 4, 227.37
1698667637, 0, 193, 287, 228, 49, 4.53%, 53, 40, 4, 198.09
1698667642, 0, 197, 287, 226, 47, 4.53%, 53, 40, 4, 197.92
1698667647, 0, 200, 287, 224, 45, 4.53%, 53, 40, 4, 218.62
1698667653, 0, 201, 288, 224, 44, 4.53%, 53, 41, 4, 227.56
1698667658, 0, 201, 290, 226, 44, 4.54%, 53, 42, 4, 218.50
1698667668, 0, 204, 291, 226, 44, 4.56%, 53, 42, 4, 187.82
1698667678, 0, 205, 295, 229, 44, 4.58%, 53, 42, 4, 221.75
1698667683, 0, 205, 295, 229, 44, 4.58%, 53, 43, 4, 37.81
1698667688, 0, 206, 296, 229, 45, 4.59%, 54, 43, 4, 145.87
1698667693, 0, 206, 299, 232, 45, 4.59%, 54, 43, 4, 173.28
1698667724, 0, 207, 300, 232, 46, 4.59%, 54, 43, 4, 182.41
1698667729, 0, 207, 306, 238, 46, 4.59%, 56, 43, 4, 181.11
1698667735, 0, 207, 307, 239, 46, 4.64%, 56, 44, 4, 198.97
1698667740, 0, 207, 309, 241, 46, 4.64%, 56, 44, 4, 195.48
1698667745, 0, 207, 310, 242, 46, 4.64%, 56, 44, 4, 197.05
1698667755, 0, 207, 311, 243, 46, 4.64%, 56, 44, 4, 184.47
1698667770, 0, 207, 312, 244, 46, 4.64%, 57, 44, 4, 186.68
1698667776, 0, 210, 312, 242, 47, 4.64%, 57, 44, 4, 186.25
1698667781, 0, 211, 314, 243, 46, 4.64%, 57, 44, 4, 194.80
1698667786, 0, 211, 315, 244, 46, 4.64%, 57, 44, 4, 193.79
1698667791, 0, 212, 316, 244, 47, 4.64%, 57, 44, 4, 210.81
1698667796, 0, 212, 320, 248, 47, 4.64%, 57, 44, 4, 248.11
1698667801, 0, 215, 320, 247, 48, 4.64%, 57, 44, 4, 235.09
1698667806, 0, 215, 320, 247, 48, 4.64%, 58, 45, 4, 196.27
1698667811, 0, 215, 323, 250, 48, 4.68%, 58, 46, 4, 187.78
1698667816, 0, 215, 325, 252, 48, 4.68%, 58, 46, 4, 178.00
1698667822, 0, 215, 325, 252, 48, 4.68%, 59, 46, 4, 176.62
1698667827, 0, 215, 326, 253, 48, 4.68%, 59, 46, 4, 180.23
1698667837, 0, 215, 327, 254, 48, 4.69%, 59, 46, 4, 182.24
1698667847, 0, 215, 329, 256, 48, 4.69%, 59, 46, 4, 170.56
1698667852, 0, 215, 332, 259, 48, 4.70%, 60, 46, 4, 174.13
1698667857, 0, 216, 333, 259, 53, 4.70%, 61, 46, 4, 173.66
1698667862, 0, 216, 336, 262, 53, 4.72%, 61, 47, 4, 67.86
1698667867, 0, 216, 337, 263, 53, 4.72%, 61, 47, 4, 162.26
1698667873, 0, 216, 339, 265, 53, 4.72%, 61, 47, 4, 181.40
1698667878, 0, 216, 340, 266, 53, 4.72%, 61, 47, 4, 177.10
1698667893, 0, 216, 341, 267, 53, 4.72%, 61, 47, 4, 183.01
1698667898, 0, 222, 342, 267, 53, 4.72%, 61, 47, 4, 172.18
1698667903, 0, 222, 344, 269, 53, 4.72%, 61, 47, 4, 172.80
1698667908, 0, 222, 345, 270, 53, 4.75%, 61, 47, 4, 176.30
1698667944, 0, 224, 345, 269, 54, 4.75%, 61, 47, 4, 188.91
1698667949, 0, 226, 346, 269, 54, 4.76%, 62, 48, 4, 177.34
1698667954, 0, 227, 346, 268, 53, 4.76%, 62, 48, 4, 174.51
1698667959, 0, 227, 346, 268, 53, 4.76%, 63, 49, 4, 163.44
1698667964, 0, 228, 347, 268, 52, 4.76%, 63, 49, 4, 176.39
1698667969, 0, 232, 347, 266, 50, 4.76%, 63, 49, 4, 210.73
1698667974, 0, 233, 347, 265, 49, 4.76%, 63, 49, 4, 214.65
1698667980, 0, 236, 348, 265, 48, 4.76%, 63, 50, 4, 212.07
1698667985, 0, 237, 349, 265, 48, 4.76%, 63, 50, 4, 203.72
1698667990, 0, 240, 350, 265, 47, 4.76%, 63, 50, 4, 204.85
1698667995, 0, 241, 350, 264, 46, 4.76%, 64, 50, 4, 184.70
1698668000, 0, 252, 350, 262, 44, 4.76%, 64, 50, 4, 240.00
1698668005, 0, 255, 350, 260, 42, 4.76%, 64, 50, 4, 233.47
1698668010, 0, 258, 352, 261, 41, 4.76%, 64, 50, 4, 210.64
1698668015, 0, 267, 353, 259, 38, 4.76%, 64, 50, 4, 212.96
1698668020, 0, 268, 353, 258, 37, 4.76%, 64, 51, 4, 149.30
1698668025, 0, 268, 355, 260, 37, 4.76%, 64, 51, 4, 174.91
1698668030, 0, 268, 358, 263, 37, 4.77%, 64, 52, 4, 164.10
1698668046, 0, 268, 359, 264, 37, 4.77%, 64, 52, 4, 173.60
1698668071, 0, 269, 360, 264, 39, 4.77%, 64, 52, 4, 178.25
1698668076, 0, 273, 362, 265, 38, 4.77%, 64, 52, 4, 200.43
1698668081, 0, 273, 364, 267, 38, 4.77%, 64, 52, 4, 187.84
1698668086, 0, 273, 365, 268, 38, 4.77%, 64, 52, 4, 189.91
1698668091, 0, 273, 367, 270, 38, 4.77%, 64, 52, 4, 185.12
1698668107, 0, 273, 368, 271, 38, 4.77%, 64, 52, 4, 189.63
1698668112, 0, 273, 369, 272, 38, 4.77%, 64, 52, 4, 195.13
1698668122, 0, 274, 370, 272, 41, 4.78%, 64, 52, 4, 207.11
1698668127, 0, 278, 371, 271, 39, 4.78%, 64, 52, 4, 213.76
1698668132, 0, 282, 371, 269, 38, 4.78%, 64, 53, 4, 222.62
1698668137, 0, 284, 371, 268, 37, 4.78%, 64, 53, 4, 195.82
1698668143, 0, 284, 373, 270, 37, 4.79%, 64, 53, 5, 197.46
1698668153, 0, 284, 374, 271, 37, 4.79%, 64, 53, 5, 185.88
1698668168, 0, 284, 374, 271, 37, 4.79%, 64, 54, 5, 205.86
1698668178, 0, 285, 375, 271, 38, 4.79%, 64, 55, 5, 224.22
1698668183, 0, 286, 375, 270, 37, 4.79%, 64, 55, 5, 195.72
1698668189, 0, 290, 375, 269, 36, 4.79%, 64, 55, 5, 209.05
1698668194, 0, 290, 376, 270, 36, 4.79%, 64, 55, 5, 202.40
1698668199, 0, 293, 377, 270, 36, 4.79%, 65, 56, 5, 27.94
1698668204, 0, 294, 377, 269, 35, 4.79%, 66, 57, 5, 208.87
1698668209, 0, 295, 377, 268, 34, 4.79%, 66, 57, 5, 205.76
1698668215, 0, 297, 377, 267, 34, 4.79%, 66, 57, 5, 210.22
1698668220, 0, 298, 378, 267, 33, 4.79%, 66, 57, 5, 195.82
1698668230, 0, 304, 378, 266, 32, 4.79%, 66, 57, 5, 197.92
1698668235, 0, 306, 380, 267, 31, 4.80%, 66, 57, 5, 224.68
1698668240, 0, 306, 380, 267, 31, 4.80%, 66, 58, 5, 236.97
1698668245, 0, 307, 381, 267, 32, 4.80%, 66, 58, 5, 210.81
1698668250, 0, 309, 381, 266, 31, 4.80%, 66, 58, 5, 200.72
1698668256, 0, 313, 381, 265, 30, 4.80%, 66, 58, 5, 205.81
1698668261, 0, 314, 381, 264, 29, 4.80%, 66, 58, 5, 227.67
1698668266, 0, 318, 381, 262, 27, 4.80%, 66, 58, 5, 235.82
1698668271, 0, 320, 381, 261, 26, 4.80%, 66, 58, 5, 227.37
1698668276, 0, 321, 382, 261, 25, 4.80%, 66, 58, 5, 215.59
1698668281, 0, 321, 386, 265, 25, 4.80%, 66, 58, 5, 201.01
1698668286, 0, 321, 387, 266, 25, 4.80%, 66, 58, 5, 202.54
1698668306, 0, 321, 388, 267, 25, 4.80%, 66, 58, 5, 194.34
1698668311, 0, 321, 389, 268, 25, 4.80%, 66, 58, 5, 194.81
1698668322, 0, 323, 389, 267, 26, 4.80%, 66, 58, 5, 209.58
1698668327, 0, 326, 389, 266, 25, 4.80%, 66, 59, 5, 28.53
1698668332, 0, 326, 390, 267, 25, 4.80%, 66, 60, 5, 193.19
1698668337, 0, 326, 390, 267, 25, 4.80%, 66, 61, 5, 176.16
1698668342, 0, 329, 391, 267, 25, 4.80%, 66, 61, 5, 204.70
1698668347, 0, 329, 392, 268, 25, 4.80%, 67, 61, 5, 215.83
1698668352, 0, 329, 394, 270, 25, 4.80%, 67, 61, 5, 217.44
1698668357, 0, 329, 395, 271, 25, 4.80%, 67, 61, 5, 212.40
1698668363, 0, 329, 396, 272, 25, 4.81%, 67, 61, 5, 212.90
1698668378, 0, 329, 397, 273, 25, 4.81%, 67, 61, 5, 217.45
1698668383, 0, 331, 397, 272, 28, 4.81%, 67, 61, 5, 190.81
1698668388, 0, 331, 398, 273, 28, 4.81%, 67, 61, 5, 185.91
1698668393, 0, 331, 398, 273, 28, 4.81%, 68, 61, 5, 167.38
1698668398, 0, 335, 399, 273, 28, 4.82%, 68, 61, 5, 188.32
1698668403, 0, 335, 405, 279, 28, 4.82%, 68, 62, 5, 184.42
1698668418, 0, 335, 406, 280, 28, 4.82%, 68, 62, 5, 229.52
1698668424, 0, 335, 407, 281, 28, 4.82%, 68, 62, 5, 229.14
1698668429, 0, 337, 408, 281, 28, 4.82%, 68, 62, 5, 241.77
1698668434, 0, 342, 409, 281, 28, 4.83%, 68, 62, 5, 241.07
1698668439, 0, 344, 409, 280, 27, 4.83%, 68, 62, 5, 224.93
1698668444, 0, 345, 410, 280, 26, 4.83%, 68, 62, 5, 216.89
1698668449, 0, 345, 411, 281, 26, 4.83%, 68, 62, 5, 204.38
1698668454, 0, 347, 411, 280, 26, 4.83%, 68, 62, 5, 204.90
1698668459, 0, 356, 412, 280, 25, 4.83%, 68, 62, 5, 193.11
1698668465, 0, 356, 412, 280, 25, 4.83%, 68, 63, 5, 205.03
1698668470, 0, 357, 413, 280, 24, 4.83%, 68, 64, 5, 170.85
1698668480, 0, 358, 416, 282, 23, 4.83%, 68, 64, 5, 184.98
1698668485, 0, 358, 418, 284, 23, 4.84%, 68, 65, 5, 192.72
1698668490, 0, 358, 419, 285, 23, 4.84%, 68, 65, 5, 188.90
1698668495, 0, 358, 420, 286, 23, 4.84%, 68, 65, 5, 174.68
1698668500, 0, 358, 422, 288, 23, 4.85%, 68, 65, 5, 182.41
1698668506, 0, 358, 422, 288, 23, 4.85%, 68, 66, 5, 169.49
1698668521, 0, 358, 423, 289, 23, 4.85%, 68, 66, 5, 177.19
1698668531, 0, 361, 423, 288, 25, 4.85%, 68, 66, 5, 193.84
1698668536, 0, 369, 423, 286, 23, 4.85%, 68, 66, 5, 203.47
1698668541, 0, 369, 423, 286, 23, 4.85%, 68, 67, 5, 216.09
1698668546, 0, 370, 423, 285, 22, 4.85%, 68, 67, 5, 197.76
1698668551, 0, 370, 424, 286, 22, 4.85%, 68, 67, 5, 190.09
1698668556, 0, 371, 424, 285, 22, 4.85%, 68, 67, 5, 180.32
1698668561, 0, 373, 425, 285, 21, 4.85%, 68, 67, 6, 190.98
1698668566, 0, 373, 426, 286, 21, 4.86%, 68, 68, 6, 208.75
1698668577, 0, 373, 427, 287, 21, 4.87%, 68, 68, 6, 182.60
1698668582, 0, 373, 428, 288, 21, 4.88%, 68, 68, 6, 180.93
1698668587, 0, 373, 429, 289, 21, 4.88%, 68, 68, 6, 185.42
1698668603, 0, 374, 430, 289, 24, 4.88%, 68, 69, 6, 23.89
1698668608, 0, 375, 430, 288, 24, 4.88%, 68, 69, 6, 223.35
1698668613, 0, 378, 430, 287, 23, 4.88%, 68, 69, 6, 229.98
1698668618, 0, 379, 430, 286, 22, 4.88%, 68, 69, 6, 214.26
1698668623, 0, 388, 430, 284, 21, 4.88%, 68, 69, 6, 235.62
1698668628, 0, 388, 431, 285, 21, 4.88%, 68, 69, 6, 206.15
1698668633, 0, 389, 431, 284, 20, 4.88%, 68, 69, 6, 198.26
