# unix_time, cycles_done, cur_path, paths_total, pending_total, pending_favs, map_size, unique_crashes, unique_hangs, max_depth, execs_per_sec
1698671236, 0, 0, 1, 1, 1, 2.55%, 0, 0, 1, 133.33
1698671242, 0, 0, 31, 31, 1, 2.72%, 1, 1, 2, 206.53
1698671247, 0, 0, 66, 66, 1, 2.91%, 6, 3, 2, 206.49
1698671252, 0, 0, 77, 77, 1, 2.97%, 8, 6, 2, 16.41
1698671258, 0, 0, 94, 94, 1, 3.00%, 13, 8, 2, 32.76
1698671263, 0, 0, 116, 116, 1, 3.06%, 15, 8, 2, 198.89
1698671268, 0, 0, 129, 129, 1, 3.11%, 17, 8, 2, 199.84
1698671274, 0, 0, 131, 131, 1, 3.11%, 20, 10, 2, 22.12
1698671279, 0, 0, 139, 139, 1, 3.15%, 20, 10, 2, 200.21
