# unix_time, cycles_done, cur_path, paths_total, pending_total, pending_favs, map_size, unique_crashes, unique_hangs, max_depth, execs_per_sec
1697772829, 0, 0, 1, 1, 1, 2.11%, 0, 0, 1, 571.43
1697772834, 0, 0, 181, 181, 1, 2.94%, 36, 0, 2, 965.00
1697772840, 0, 0, 218, 218, 1, 3.05%, 44, 2, 2, 130.15
1697772845, 0, 13, 234, 230, 101, 3.09%, 49, 2, 3, 1116.15
1697772850, 0, 36, 246, 237, 98, 3.20%, 49, 2, 3, 1111.62
1697772855, 0, 36, 257, 248, 98, 3.21%, 56, 2, 3, 1017.94
1697772860, 0, 41, 274, 264, 102, 3.25%, 61, 2, 3, 1037.82
1697772865, 0, 69, 285, 269, 98, 3.27%, 64, 2, 3, 1119.61
1697772870, 0, 69, 293, 277, 98, 3.30%, 65, 2, 3, 1071.92
1697772875, 0, 70, 302, 285, 104, 3.32%, 71, 3, 3, 1097.24
1697772880, 0, 70, 310, 293, 104, 3.38%, 73, 3, 3, 908.09
1697772886, 0, 79, 317, 298, 107, 3.39%, 73, 3, 3, 1046.60
1697772891, 0, 95, 319, 295, 101, 3.39%, 75, 3, 3, 1087.77
1697772896, 0, 104, 328, 303, 100, 3.44%, 77, 4, 3, 956.12
1697772901, 0, 104, 335, 310, 100, 3.51%, 77, 4, 3, 926.70
1697772906, 0, 111, 336, 308, 105, 3.51%, 77, 4, 3, 985.24
1697772911, 0, 119, 337, 305, 101, 3.51%, 78, 4, 3, 926.25
1697772916, 0, 129, 342, 307, 100, 3.52%, 79, 4, 3, 1056.57
1697772921, 0, 129, 350, 315, 100, 3.52%, 81, 4, 3, 1041.95
1697772926, 0, 130, 356, 320, 101, 3.54%, 81, 4, 3, 962.82
1697772931, 0, 130, 357, 321, 101, 3.54%, 82, 5, 3, 844.42
1697772936, 0, 130, 361, 325, 101, 3.54%, 85, 5, 3, 963.07
1697772942, 0, 141, 361, 321, 99, 3.54%, 85, 6, 3, 988.95
1697772947, 0, 146, 366, 322, 97, 3.55%, 86, 6, 3, 1010.14
1697772952, 0, 150, 373, 327, 95, 3.56%, 86, 6, 3, 1038.00
1697772957, 0, 150, 376, 330, 95, 3.56%, 86, 6, 3, 822.18
1697772962, 0, 154, 377, 328, 95, 3.56%, 86, 6, 3, 922.28
1697772967, 0, 166, 377, 322, 88, 3.56%, 87, 6, 3, 1054.16
1697772972, 0, 176, 377, 320, 86, 3.56%, 88, 7, 3, 716.42
1697772978, 0, 186, 379, 317, 82, 3.56%, 88, 7, 3, 897.71
1697772983, 0, 200, 384, 318, 80, 3.57%, 89, 7, 3, 969.76
1697772988, 0, 212, 385, 314, 76, 3.62%, 91, 7, 3, 964.41
1697772993, 0, 236, 387, 311, 71, 3.62%, 92, 7, 3, 1019.26
1697772998, 0, 245, 391, 311, 68, 3.62%, 92, 8, 4, 1119.46
1697773003, 0, 272, 394, 308, 65, 3.63%, 92, 8, 4, 1114.75
1697773008, 0, 279, 401, 310, 61, 3.64%, 92, 8, 4, 1067.96
1697773013, 0, 285, 407, 312, 63, 3.65%, 95, 8, 4, 1072.63
1697773018, 0, 288, 407, 309, 60, 3.65%, 96, 9, 4, 182.04
1697773024, 0, 295, 411, 308, 57, 3.69%, 98, 10, 4, 1052.32
1697773029, 0, 299, 412, 306, 57, 3.69%, 99, 10, 4, 1090.89
1697773034, 0, 302, 418, 309, 54, 3.69%, 100, 10, 4, 1024.83
1697773039, 0, 302, 421, 312, 54, 3.69%, 100, 10, 4, 853.23
1697773044, 0, 305, 436, 324, 54, 3.70%, 100, 10, 4, 1025.06
1697773049, 0, 311, 442, 327, 56, 3.70%, 100, 11, 4, 1074.03
1697773054, 0, 315, 443, 325, 54, 3.71%, 101, 12, 4, 1106.23
1697773059, 0, 332, 458, 333, 50, 3.73%, 102, 12, 4, 1121.47
1697773064, 0, 358, 464, 333, 49, 3.73%, 102, 12, 4, 1079.08
1697773069, 0, 369, 465, 330, 46, 3.73%, 103, 12, 4, 1086.56
1697773075, 0, 369, 470, 335, 46, 3.73%, 103, 12, 4, 1017.16
1697773080, 0, 371, 472, 336, 46, 3.73%, 103, 12, 4, 886.90
1697773085, 0, 384, 482, 341, 45, 3.77%, 105, 12, 4, 1094.65
1697773090, 0, 391, 485, 341, 46, 3.79%, 105, 13, 5, 42.53
1697773095, 0, 393, 490, 345, 45, 3.79%, 105, 13, 5, 1130.20
1697773100, 0, 394, 493, 347, 50, 3.82%, 105, 13, 5, 1015.15
1697773106, 0, 402, 498, 347, 48, 3.83%, 105, 13, 5, 1098.55
1697773111, 0, 407, 501, 347, 47, 3.83%, 111, 13, 5, 1139.63
1697773116, 0, 411, 511, 355, 46, 3.86%, 111, 13, 5, 999.20
1697773121, 0, 423, 517, 357, 45, 3.90%, 111, 13, 5, 1101.48
1697773126, 0, 423, 525, 365, 45, 3.90%, 111, 13, 5, 1120.51
1697773131, 0, 427, 528, 366, 46, 3.90%, 111, 13, 5, 1123.56
1697773136, 0, 433, 530, 366, 46, 3.90%, 111, 13, 5, 1131.38
1697773141, 0, 434, 534, 369, 46, 3.90%, 111, 13, 5, 1072.72
1697773146, 0, 438, 536, 370, 48, 3.91%, 111, 13, 5, 1117.26
1697773151, 0, 449, 539, 368, 46, 3.93%, 111, 13, 5, 1081.50
1697773156, 0, 463, 547, 371, 43, 3.93%, 111, 13, 5, 1121.48
1697773162, 0, 463, 550, 374, 43, 3.93%, 111, 14, 5, 74.04
1697773167, 0, 464, 551, 374, 44, 3.96%, 111, 14, 5, 1044.40
1697773172, 0, 475, 554, 375, 42, 3.98%, 111, 14, 5, 1121.78
1697773177, 0, 478, 556, 374, 41, 3.99%, 111, 14, 5, 1054.21
1697773182, 0, 480, 563, 379, 39, 3.99%, 113, 14, 5, 1078.51
1697773187, 0, 480, 564, 380, 39, 4.00%, 114, 14, 5, 1079.21
1697773192, 0, 485, 565, 378, 39, 4.00%, 115, 14, 5, 1108.20
1697773197, 0, 487, 565, 376, 37, 4.00%, 115, 15, 5, 1074.10
1697773202, 0, 490, 569, 378, 35, 4.00%, 115, 15, 6, 1000.96
1697773207, 0, 490, 572, 381, 35, 4.01%, 115, 15, 6, 1000.67
1697773212, 0, 493, 575, 382, 38, 4.01%, 115, 15, 6, 1102.03
1697773217, 0, 500, 578, 381, 34, 4.02%, 116, 15, 6, 1062.16
1697773223, 0, 505, 586, 387, 33, 4.04%, 117, 15, 6, 896.18
1697773228, 0, 506, 594, 394, 40, 4.04%, 117, 15, 6, 1004.97
1697773233, 0, 513, 600, 398, 39, 4.07%, 117, 15, 6, 1135.83
1697773238, 0, 516, 606, 403, 44, 4.10%, 117, 15, 6, 1141.07
1697773244, 0, 516, 610, 407, 44, 4.10%, 117, 16, 6, 150.98
1697773249, 0, 524, 611, 405, 44, 4.10%, 117, 16, 6, 1033.38
1697773254, 0, 529, 612, 404, 43, 4.10%, 117, 16, 6, 1052.80
1697773259, 0, 535, 612, 401, 40, 4.10%, 117, 16, 6, 1014.31
1697773264, 0, 538, 619, 406, 37, 4.10%, 117, 16, 6, 911.70
1697773269, 0, 547, 625, 409, 35, 4.10%, 118, 16, 6, 1102.77
1697773275, 0, 553, 626, 408, 34, 4.11%, 119, 16, 6, 1096.20
1697773280, 0, 562, 628, 407, 31, 4.12%, 120, 16, 6, 1059.35
1697773285, 0, 570, 628, 405, 30, 4.12%, 120, 17, 6, 1012.20
1697773290, 0, 571, 635, 411, 29, 4.12%, 120, 18, 7, 43.23
1697773296, 0, 577, 637, 411, 29, 4.12%, 121, 19, 7, 884.61
1697773301, 0, 580, 638, 409, 27, 4.12%, 121, 20, 7, 988.12
1697773306, 0, 584, 641, 409, 24, 4.12%, 121, 20, 7, 1058.77
1697773311, 0, 592, 646, 413, 23, 4.13%, 121, 20, 7, 1033.71
1697773316, 0, 592, 648, 415, 23, 4.13%, 121, 20, 7, 1076.17
1697773321, 0, 599, 652, 415, 25, 4.13%, 121, 21, 7, 1155.01
1697773326, 0, 604, 658, 418, 24, 4.15%, 121, 21, 7, 1005.16
1697773331, 0, 611, 660, 417, 23, 4.15%, 121, 21, 7, 1103.94
1697773336, 0, 618, 664, 418, 20, 4.15%, 122, 21, 7, 968.31
1697773341, 0, 625, 669, 421, 19, 4.16%, 123, 22, 7, 1149.22
1697773346, 0, 636, 669, 418, 18, 4.16%, 123, 23, 7, 522.80
1697773351, 0, 642, 670, 417, 16, 4.16%, 123, 23, 8, 997.80
1697773356, 0, 645, 670, 414, 13, 4.16%, 123, 23, 8, 964.51
1697773362, 0, 651, 677, 418, 11, 4.17%, 123, 23, 8, 1077.78
1697773367, 0, 651, 680, 421, 11, 4.18%, 123, 23, 8, 931.23
1697773372, 0, 654, 688, 427, 20, 4.19%, 123, 23, 8, 907.83
1697773377, 0, 655, 694, 432, 22, 4.26%, 129, 23, 8, 1053.50
1697773382, 0, 663, 696, 431, 25, 4.26%, 129, 23, 8, 1126.45
1697773387, 0, 670, 698, 429, 21, 4.26%, 133, 23, 9, 1155.09
1697773393, 0, 672, 702, 431, 21, 4.27%, 133, 23, 9, 1158.37
1697773398, 0, 675, 703, 429, 20, 4.27%, 134, 23, 9, 1168.19
1697773403, 0, 678, 705, 428, 18, 4.27%, 134, 23, 9, 1168.01
1697773408, 0, 684, 707, 426, 14, 4.27%, 134, 23, 9, 1148.12
1697773414, 0, 690, 722, 439, 13, 4.31%, 137, 24, 9, 166.95
1697773419, 0, 691, 724, 440, 19, 4.32%, 141, 24, 9, 1077.37
1697773424, 0, 694, 735, 450, 28, 4.35%, 141, 24, 9, 1099.74
1697773429, 0, 701, 735, 447, 25, 4.35%, 142, 24, 9, 1012.97
1697773434, 0, 703, 735, 445, 23, 4.35%, 142, 24, 9, 1005.96
1697773440, 0, 710, 743, 451, 22, 4.35%, 142, 24, 10, 1001.53
1697773445, 0, 710, 749, 457, 22, 4.38%, 144, 24, 10, 1143.73
1697773450, 0, 717, 752, 458, 31, 4.39%, 144, 24, 10, 1154.80
1697773455, 0, 719, 753, 457, 29, 4.39%, 145, 24, 10, 1136.26
1697773460, 0, 722, 754, 456, 28, 4.39%, 145, 24, 10, 1129.99
1697773465, 0, 725, 759, 458, 29, 4.40%, 145, 25, 10, 1089.23
1697773471, 0, 728, 759, 455, 26, 4.40%, 145, 25, 10, 1123.36
1697773476, 0, 732, 760, 453, 23, 4.40%, 146, 26, 10, 1178.93
1697773481, 0, 735, 760, 450, 20, 4.40%, 146, 26, 10, 1058.80
1697773486, 0, 740, 760, 447, 17, 4.40%, 146, 26, 10, 1134.21
1697773491, 0, 743, 761, 445, 14, 4.40%, 147, 27, 11, 1080.61
1697773496, 0, 747, 761, 442, 11, 4.40%, 147, 27, 11, 976.48
1697773501, 0, 750, 761, 439, 8, 4.40%, 147, 27, 11, 1012.77
1697773506, 0, 755, 762, 438, 7, 4.40%, 147, 27, 11, 914.27
1697773511, 0, 757, 764, 438, 6, 4.40%, 147, 27, 11, 958.27
1697773516, 0, 761, 768, 440, 5, 4.40%, 148, 27, 12, 1117.47
1697773521, 0, 767, 769, 438, 3, 4.40%, 148, 27, 12, 1143.11
1697773526, 1, 168, 770, 437, 3, 4.40%, 148, 27, 12, 1133.38
1697773531, 1, 421, 770, 434, 2, 4.40%, 149, 27, 12, 944.60
1697773536, 1, 522, 771, 433, 2, 4.40%, 149, 27, 12, 1044.54
1697773541, 1, 771, 775, 435, 2, 4.41%, 150, 27, 12, 1010.55
1697773547, 1, 772, 780, 439, 2, 4.41%, 151, 27, 12, 1065.04
1697773552, 1, 779, 781, 438, 1, 4.41%, 152, 27, 12, 1155.41
1697773557, 1, 779, 786, 443, 1, 4.45%, 154, 27, 12, 1197.19
1697773562, 1, 782, 787, 442, 5, 4.45%, 155, 27, 12, 1084.48
1697773567, 1, 784, 787, 440, 3, 4.45%, 158, 27, 12, 1090.94
1697773572, 1, 787, 788, 439, 1, 4.45%, 159, 27, 12, 999.20
1697773577, 2, 26, 789, 435, 0, 4.45%, 159, 27, 12, 1084.69
1697773582, 2, 38, 790, 433, 0, 4.45%, 161, 27, 12, 961.42
1697773587, 2, 55, 790, 430, 0, 4.45%, 162, 27, 12, 1014.95
1697773592, 2, 64, 790, 427, 0, 4.45%, 162, 27, 12, 1026.02
1697773597, 2, 79, 792, 426, 1, 4.46%, 162, 27, 12, 1085.32
1697773602, 2, 518, 792, 424, 1, 4.46%, 163, 27, 12, 1109.91
1697773608, 2, 791, 795, 426, 1, 4.46%, 163, 27, 12, 1134.37
1697773613, 2, 797, 798, 428, 1, 4.46%, 163, 27, 12, 1113.26
1697773618, 3, 6, 799, 427, 0, 4.46%, 163, 27, 12, 1138.92
1697773623, 3, 45, 799, 425, 0, 4.46%, 163, 27, 12, 1029.98
1697773628, 3, 120, 800, 425, 1, 4.46%, 164, 27, 12, 1114.54
1697773633, 3, 315, 807, 428, 2, 4.46%, 164, 27, 12, 1138.67
1697773638, 3, 566, 810, 431, 2, 4.46%, 164, 27, 12, 1026.98
1697773643, 3, 741, 811, 430, 3, 4.46%, 164, 27, 12, 1114.69
1697773648, 3, 766, 812, 431, 3, 4.46%, 164, 27, 12, 938.39
1697773653, 3, 768, 814, 432, 4, 4.46%, 164, 28, 12, 1150.81
1697773658, 3, 802, 815, 431, 3, 4.46%, 164, 28, 12, 1096.74
1697773664, 3, 808, 819, 434, 2, 4.47%, 164, 28, 12, 1097.39
1697773669, 3, 808, 821, 436, 2, 4.47%, 164, 28, 12, 1069.33
1697773674, 3, 813, 822, 436, 6, 4.48%, 164, 28, 13, 1142.90
1697773679, 3, 813, 827, 441, 6, 4.50%, 164, 28, 13, 1094.19
1697773684, 3, 816, 828, 441, 11, 4.50%, 164, 28, 13, 1031.92
1697773689, 3, 818, 828, 439, 9, 4.50%, 164, 28, 13, 1069.86
1697773694, 3, 818, 831, 442, 9, 4.53%, 164, 28, 13, 1119.29
1697773699, 3, 819, 834, 444, 10, 4.53%, 164, 28, 13, 1033.11
1697773704, 3, 819, 835, 445, 10, 4.53%, 164, 28, 13, 988.32
1697773709, 3, 821, 841, 450, 10, 4.56%, 164, 28, 14, 1088.57
1697773715, 3, 822, 845, 453, 16, 4.57%, 164, 28, 14, 1135.39
1697773720, 3, 822, 848, 456, 16, 4.57%, 164, 28, 14, 903.50
1697773725, 3, 823, 850, 457, 20, 4.58%, 164, 28, 14, 1024.89
1697773730, 3, 824, 852, 458, 20, 4.58%, 164, 28, 14, 998.25
1697773735, 3, 825, 853, 458, 19, 4.58%, 164, 28, 14, 859.23
1697773740, 3, 825, 857, 462, 19, 4.59%, 164, 28, 14, 902.81
1697773745, 3, 826, 858, 462, 20, 4.60%, 164, 28, 14, 1086.59
1697773750, 3, 828, 859, 462, 18, 4.60%, 164, 28, 14, 1088.22
1697773755, 3, 832, 862, 464, 17, 4.60%, 164, 28, 14, 1150.14
1697773760, 3, 833, 863, 464, 18, 4.60%, 164, 28, 14, 1136.31
1697773765, 3, 834, 865, 465, 18, 4.60%, 164, 28, 14, 1115.21
1697773770, 3, 835, 865, 464, 17, 4.60%, 164, 28, 14, 996.82
1697773775, 3, 835, 865, 464, 17, 4.60%, 165, 28, 14, 904.47
1697773781, 3, 836, 865, 463, 16, 4.60%, 165, 28, 14, 1094.86
1697773786, 3, 838, 867, 464, 16, 4.60%, 165, 28, 15, 1067.64
1697773791, 3, 841, 868, 464, 16, 4.60%, 165, 28, 15, 1029.41
1697773796, 3, 842, 868, 463, 16, 4.60%, 165, 28, 15, 1082.45
1697773801, 3, 843, 871, 465, 17, 4.61%, 166, 28, 15, 1137.39
1697773806, 3, 844, 871, 464, 16, 4.61%, 166, 28, 15, 1155.93
1697773816, 3, 846, 871, 463, 15, 4.61%, 167, 28, 15, 1166.88
1697773821, 3, 848, 873, 464, 14, 4.61%, 167, 28, 15, 1185.17
